fromId	keyId	targetId	steps
570729	509517	510737	5
660040	1016419	1021855	3
166944	520868	529278	4
122311	577775	599551	4
395099	521198	529278	4
454176	146420	166944	5
795643	503762	506717	5
570729	1021219	1021855	4
290089	623296	632517	3
454176	641825	645478	3
795643	558023	570729	3
316047	580838	599551	4
166944	422640	454176	4
699962	792100	795643	2
290089	816420	890575	6
166944	977860	994872	3
911023	148595	166944	3
570729	469715	506717	5
911023	512777	529278	5
69193	861595	890575	5
454176	264634	290089	5
795643	142677	143826	5
911023	716180	718544	5
120973	780682	784188	5
290089	960707	971568	3
69193	135817	143826	4
388734	148381	166944	5
316047	857583	890575	5
122311	183326	290089	2
795643	252369	290089	3
570729	499057	506717	5
388734	38437	53726	5
316047	974793	994872	3
122311	858155	890575	4
795643	211644	290089	3
459728	537187	547931	3
295322	113316	120973	3
911023	270395	290089	3
459728	548380	553326	3
911023	966104	971568	2
120973	826136	890575	5
69193	516301	529278	4
795643	87017	107420	4
795643	852847	890575	2
911023	856990	890575	5
388734	195799	290089	5
122311	1018375	1021855	4
570729	283612	290089	4
911023	509532	510737	4
388734	448017	454176	2
316047	16285	26260	4
120973	957629	971568	4
316047	1034309	1041459	4
316047	793946	795643	4
69193	658874	660040	4
166944	935958	954057	5
454176	929077	954057	5
570729	408705	421446	5
122311	1026098	1034108	4
388734	985577	994872	3
459728	551588	553326	3
295322	104460	107420	5
122311	765573	784188	5
699962	532311	533522	5
122311	789927	795643	4
122311	335882	345865	3
570729	60178	66168	3
395099	198114	290089	5
120973	429471	454176	3
459728	54375	59313	4
570729	327463	345865	4
795643	1021248	1021855	3
69193	370029	384020	3
911023	631157	632517	4
795643	318193	324098	3
166944	905114	911023	4
295322	119852	120973	3
699962	310304	316047	3
395099	605607	632517	3
295322	850666	890575	6
166944	354029	362361	3
295322	671618	684796	4
459728	898977	911023	4
316047	518365	529278	4
699962	182436	290089	5
459728	889038	890575	4
454176	341781	345865	4
795643	986202	994872	3
166944	674572	684796	6
316047	473975	506717	3
295322	195054	290089	5
395099	306516	316047	4
570729	161012	166944	4
699962	89128	107420	4
395099	59382	66168	4
795643	823026	890575	2
459728	725384	735897	4
395099	794380	795643	4
395099	990451	994872	3
388734	242973	290089	5
120973	353883	362361	4
388734	890475	890575	4
395099	104327	107420	4
660040	250248	290089	3
122311	519295	529278	5
295322	959616	971568	3
316047	1014532	1021855	4
166944	902088	911023	4
316047	217231	290089	5
699962	395946	421446	5
120973	845025	890575	5
911023	333046	345865	4
166944	966936	971568	4
122311	734944	735897	4
911023	805556	807381	4
166944	351150	362361	3
295322	427133	454176	3
454176	806052	807381	4
122311	734008	735897	4
699962	13525	26260	3
290089	876759	890575	6
660040	287966	290089	3
395099	375850	384020	4
295322	542027	547931	4
295322	681732	684796	4
316047	970354	971568	3
69193	688554	693345	4
660040	893137	911023	4
122311	252758	290089	2
295322	894553	911023	3
120973	999467	1021855	4
120973	525185	529278	5
911023	720662	735897	5
69193	101459	107420	2
795643	444206	454176	3
699962	994657	994872	2
660040	798430	807381	2
911023	480003	506717	4
395099	312530	316047	4
454176	161720	166944	5
699962	112419	120973	4
166944	852456	890575	5
388734	738475	755496	3
395099	327879	345865	5
911023	729830	735897	5
699962	335102	345865	3
295322	961579	971568	3
295322	6410	26260	4
295322	248519	290089	5
395099	1041087	1041459	4
699962	130875	132698	5
570729	216200	290089	4
316047	814543	890575	5
166944	147498	166944	1
120973	526881	529278	5
388734	439293	454176	2
120973	66999	69193	6
911023	515663	529278	5
295322	996065	1021855	4
699962	33272	35840	4
795643	220379	290089	3
454176	865518	890575	5
120973	296218	316047	3
166944	862130	890575	5
454176	682855	684796	5
388734	586184	599551	3
660040	433993	454176	3
166944	212102	290089	1
316047	513032	529278	4
388734	1520	26260	4
699962	728913	735897	2
660040	228188	290089	3
166944	1024137	1034108	4
120973	29481	35840	4
395099	485513	506717	2
120973	464970	469614	4
911023	792655	795643	5
660040	967109	971568	2
69193	847169	890575	5
911023	34156	35840	2
290089	499360	506717	4
699962	612084	632517	4
459728	640927	645478	3
290089	497455	506717	4
795643	284252	290089	3
69193	309295	316047	3
395099	1043315	26260	4
454176	1024972	1034108	3
660040	1005289	1021855	3
795643	75434	81771	4
395099	949425	954057	6
699962	239627	290089	5
660040	657056	660040	1
290089	894437	911023	3
795643	374978	384020	3
911023	509701	510737	4
454176	944471	954057	5
454176	793866	795643	3
911023	997549	1021855	2
454176	93530	107420	3
120973	1011736	1021855	4
454176	101044	107420	3
295322	847104	890575	6
699962	878493	890575	4
316047	177717	290089	5
69193	47254	53726	6
795643	267891	290089	3
166944	888849	890575	5
69193	175696	290089	3
699962	106574	107420	4
69193	249150	290089	3
120973	221714	290089	2
699962	840209	890575	4
911023	419930	421446	3
795643	163548	166944	4
911023	802063	807381	4
122311	147599	166944	2
795643	627465	632517	4
395099	556661	570729	4
454176	53529	53726	4
570729	356533	362361	4
316047	63865	66168	5
166944	569837	570729	5
795643	73478	81771	4
295322	134690	143826	5
122311	138052	143826	2
570729	729629	735897	3
911023	637286	645478	5
388734	667749	684796	3
122311	821073	890575	4
120973	134764	143826	3
395099	888321	890575	4
570729	1036974	1041459	4
122311	245615	290089	2
166944	570447	570729	5
459728	531590	533522	2
911023	1023582	1034108	3
388734	352222	362361	5
911023	592767	599551	4
395099	617256	632517	3
795643	455952	459728	4
911023	274749	290089	3
795643	700004	704886	6
395099	927206	954057	6
290089	469370	469614	3
120973	259407	290089	2
660040	26	26260	4
122311	779695	784188	5
295322	542005	547931	4
166944	714688	718544	3
795643	488244	506717	5
795643	333902	345865	3
570729	389414	395099	5
395099	514997	529278	4
120973	421710	454176	3
166944	284686	290089	1
69193	555112	570729	5
660040	387765	388734	5
120973	33168	35840	4
454176	903244	911023	4
166944	380401	384020	3
122311	793412	795643	4
166944	744247	755496	3
120973	251688	290089	2
454176	834350	890575	5
795643	905704	911023	3
388734	458838	459728	2
295322	118317	120973	3
459728	150648	166944	5
570729	700332	704886	5
166944	833436	890575	5
122311	345934	362361	4
395099	539087	547931	3
570729	519213	529278	6
570729	531669	533522	5
795643	823385	890575	2
295322	1023203	1034108	3
660040	265603	290089	3
911023	1006044	1021855	2
120973	609534	632517	4
122311	758782	762476	4
795643	174465	290089	3
69193	794812	795643	4
166944	1019178	1021855	4
570729	804516	807381	4
69193	451886	454176	3
295322	812173	814289	5
570729	547640	547931	6
660040	954788	971568	2
454176	585489	599551	3
316047	60077	66168	5
69193	198510	290089	3
290089	576788	599551	3
699962	1026970	1034108	3
316047	960534	971568	3
388734	794217	795643	4
69193	449379	454176	3
120973	79109	81771	6
295322	603881	632517	3
459728	474748	506717	2
459728	339137	345865	4
122311	1026398	1034108	4
166944	562412	570729	5
699962	904256	911023	3
388734	387576	388734	1
570729	610668	632517	2
395099	343549	345865	4
911023	398715	421446	3
395099	709761	718544	4
454176	333082	345865	4
911023	850292	890575	5
911023	1026144	1034108	3
290089	2728	26260	4
69193	647903	660040	4
166944	282156	290089	1
795643	972185	994872	3
290089	639589	645478	3
660040	698728	699962	3
166944	457411	459728	2
295322	43191	53726	5
295322	676688	684796	4
122311	2684	26260	5
699962	983408	994872	2
395099	116292	120973	4
395099	749859	755496	3
122311	1041474	26260	5
120973	103019	107420	6
660040	241998	290089	3
295322	999349	1021855	4
795643	432564	454176	3
388734	62753	66168	4
660040	700182	704886	3
699962	401891	421446	5
570729	155945	166944	4
122311	516409	529278	5
120973	489318	506717	4
290089	462109	469614	3
660040	991880	994872	3
120973	989213	994872	5
388734	133157	143826	6
120973	666483	684796	3
388734	90727	107420	4
295322	952400	954057	4
316047	625653	632517	2
459728	680959	684796	5
570729	390607	395099	5
69193	30965	35840	5
290089	353429	362361	3
120973	126195	128901	2
290089	228553	290089	1
290089	237655	290089	1
911023	449478	454176	3
395099	814353	890575	4
570729	219081	290089	4
911023	124439	128901	5
699962	420682	421446	5
459728	879665	890575	4
699962	934867	954057	4
122311	553143	553326	4
290089	474049	506717	4
290089	544992	547931	5
295322	255307	290089	5
699962	49332	53726	5
911023	502242	506717	4
388734	636110	645478	4
570729	263373	290089	4
295322	651488	660040	3
911023	487486	506717	4
290089	69635	81771	6
395099	306124	316047	4
459728	602466	632517	2
795643	18950	26260	4
166944	112049	120973	5
120973	909372	911023	5
699962	751537	755496	2
120973	960691	971568	4
660040	775921	784188	4
69193	386840	388734	3
395099	276252	290089	5
911023	250430	290089	3
166944	782172	784188	3
122311	572739	599551	4
122311	967125	971568	3
122311	228168	290089	2
122311	353978	362361	4
120973	531937	533522	3
316047	164628	166944	4
911023	936845	954057	2
795643	870809	890575	2
316047	961605	971568	3
120973	337445	345865	3
388734	439933	454176	2
316047	918443	954057	4
795643	605578	632517	4
395099	740356	755496	3
388734	289956	290089	5
454176	924094	954057	5
388734	785913	795643	4
120973	1013430	1021855	4
388734	319948	324098	4
699962	64341	66168	3
459728	343344	345865	4
316047	460354	469614	3
290089	102493	107420	5
316047	891636	911023	3
290089	501350	506717	4
122311	103238	107420	5
69193	688630	693345	4
316047	735366	735897	4
316047	20522	26260	4
459728	943804	954057	5
69193	580394	599551	5
166944	940281	954057	5
69193	54539	59313	5
660040	381606	384020	4
459728	172871	290089	5
295322	810001	814289	5
660040	325430	345865	4
699962	128743	128901	6
911023	457038	459728	3
166944	902600	911023	4
120973	1001066	1021855	4
459728	755737	762476	3
316047	1034224	1041459	4
459728	429420	454176	4
290089	504186	506717	4
699962	691166	693345	5
388734	18888	26260	4
911023	616493	632517	4
69193	673537	684796	5
395099	195831	290089	5
570729	257425	290089	4
290089	371958	384020	2
660040	758912	762476	3
660040	496981	506717	5
570729	491529	506717	5
459728	285655	290089	5
570729	790793	795643	3
166944	835985	890575	5
570729	971538	971568	3
69193	617627	632517	2
388734	759396	762476	4
570729	408280	421446	5
120973	570239	570729	5
911023	720707	735897	5
316047	841434	890575	5
120973	616429	632517	4
699962	346190	362361	4
120973	49826	53726	5
388734	806478	807381	3
570729	446517	454176	5
795643	628658	632517	4
454176	110100	120973	4
570729	772284	784188	4
388734	1042941	26260	4
570729	617854	632517	2
395099	178014	290089	5
120973	601342	632517	4
69193	613016	632517	2
316047	14552	26260	4
570729	319686	324098	3
795643	345635	345865	3
295322	263993	290089	5
120973	710717	718544	4
295322	433176	454176	3
388734	330849	345865	4
570729	39043	53726	5
122311	916896	954057	6
459728	796138	807381	4
699962	75512	81771	4
459728	736969	755496	2
316047	778051	784188	5
166944	920664	954057	5
570729	144329	166944	4
316047	808138	814289	4
795643	152825	166944	4
316047	459748	469614	3
699962	576446	599551	4
69193	847486	890575	5
166944	98302	107420	5
911023	939182	954057	2
459728	355388	362361	5
911023	257615	290089	3
699962	840953	890575	4
295322	2808	26260	4
295322	29877	35840	4
570729	1023118	1034108	3
166944	930415	954057	5
388734	924814	954057	6
395099	499161	506717	2
660040	745044	755496	2
911023	1007164	1021855	2
388734	892860	911023	5
395099	928202	954057	6
122311	474469	506717	4
290089	894846	911023	3
295322	513316	529278	4
454176	7615	26260	4
295322	971271	971568	3
316047	779054	784188	5
166944	1011272	1021855	4
120973	415878	421446	3
699962	54252	59313	5
795643	239382	290089	3
795643	315714	316047	3
459728	563505	570729	4
316047	548246	553326	4
570729	413124	421446	5
120973	696516	697154	4
120973	193167	290089	2
660040	520977	529278	5
166944	935218	954057	5
316047	97412	107420	5
911023	823933	890575	5
69193	622396	632517	2
388734	113861	120973	4
570729	558207	570729	1
388734	636975	645478	4
388734	925238	954057	6
69193	832838	890575	5
69193	835175	890575	5
388734	859160	890575	4
295322	460856	469614	3
570729	135840	143826	5
388734	481818	506717	3
660040	330157	345865	4
570729	900481	911023	3
395099	157326	166944	5
316047	131939	132698	5
454176	742515	755496	3
699962	239189	290089	5
388734	821622	890575	4
660040	538170	547931	6
295322	496031	506717	3
459728	771689	784188	4
316047	272187	290089	5
316047	427560	454176	3
911023	170418	290089	3
699962	847173	890575	4
166944	118152	120973	5
459728	237773	290089	5
166944	917218	954057	5
570729	553836	570729	1
166944	402433	421446	4
290089	781489	784188	5
388734	250810	290089	5
454176	162005	166944	5
795643	592910	599551	4
395099	300814	316047	4
316047	690366	693345	4
316047	91900	107420	5
395099	900135	911023	5
295322	187365	290089	5
122311	267882	290089	2
911023	428787	454176	3
395099	477224	506717	2
660040	177659	290089	3
122311	140307	143826	2
120973	659488	660040	2
316047	1015633	1021855	4
459728	64656	66168	4
911023	707926	718544	5
166944	52085	53726	6
795643	829307	890575	2
699962	994465	994872	2
454176	794891	795643	3
120973	815897	890575	5
388734	176098	290089	5
69193	201584	290089	3
699962	480173	506717	5
395099	34439	35840	4
295322	1011179	1021855	4
290089	127921	128901	5
459728	356830	362361	5
290089	284234	290089	1
166944	530270	533522	3
911023	551089	553326	4
166944	827859	890575	5
459728	219981	290089	5
316047	655463	660040	4
295322	935938	954057	4
699962	115384	120973	4
122311	643989	645478	5
122311	349664	362361	4
166944	844923	890575	5
122311	502084	506717	4
395099	965080	971568	2
911023	502755	506717	4
395099	377355	384020	4
166944	963608	971568	4
699962	179049	290089	5
395099	546253	547931	3
395099	572336	599551	3
459728	294169	295322	3
660040	271763	290089	3
69193	1028891	1034108	4
795643	583460	599551	4
395099	39871	53726	5
570729	893401	911023	3
911023	84048	107420	4
395099	582486	599551	3
795643	390779	395099	5
795643	201632	290089	3
166944	700945	704886	3
120973	867404	890575	5
69193	555987	570729	5
316047	155928	166944	4
69193	359777	362361	2
388734	150197	166944	5
795643	575367	599551	4
166944	452505	454176	4
395099	231023	290089	5
69193	992040	994872	4
699962	726051	735897	2
120973	727291	735897	3
699962	413055	421446	5
316047	443636	454176	3
660040	791720	795643	3
570729	710577	718544	2
388734	196581	290089	5
699962	688848	693345	5
699962	79193	81771	4
166944	322780	324098	2
699962	204920	290089	5
290089	1020156	1021855	4
295322	521851	529278	4
166944	732255	735897	3
454176	968820	971568	4
122311	744920	755496	3
459728	186868	290089	5
570729	863260	890575	5
166944	426962	454176	4
166944	915554	954057	5
570729	21808	26260	4
295322	118750	120973	3
911023	687080	693345	5
570729	593916	599551	1
166944	197502	290089	1
166944	676579	684796	6
570729	243411	290089	4
795643	604662	632517	4
388734	571323	599551	3
454176	570609	570729	4
454176	662171	664545	4
120973	37719	53726	5
454176	259514	290089	5
454176	848751	890575	5
120973	905649	911023	5
316047	92963	107420	5
395099	725266	735897	4
122311	173069	290089	2
122311	991134	994872	4
290089	109414	120973	3
316047	879277	890575	5
388734	710891	718544	4
395099	44295	53726	5
166944	226795	290089	1
699962	996446	1021855	3
459728	555061	570729	4
911023	771825	784188	6
316047	908112	911023	3
388734	717072	718544	4
570729	779033	784188	4
795643	415259	421446	5
388734	287715	290089	5
120973	747034	755496	4
388734	111230	120973	4
295322	404742	421446	4
454176	703195	704886	5
459728	756311	762476	3
660040	269449	290089	3
122311	231772	290089	2
122311	559557	570729	5
295322	468010	469614	3
699962	613286	632517	4
122311	358504	362361	4
911023	576527	599551	4
69193	982316	994872	4
454176	610401	632517	2
69193	784333	795643	4
570729	347552	362361	4
290089	414100	421446	4
795643	727512	735897	5
166944	939379	954057	5
699962	892579	911023	3
395099	522163	529278	4
316047	701345	704886	5
699962	911359	911994	3
570729	457777	459728	4
316047	732506	735897	4
120973	637343	645478	5
166944	325527	345865	3
388734	933104	954057	6
454176	854273	890575	5
316047	271082	290089	5
795643	1039930	1041459	4
454176	865887	890575	5
660040	848973	890575	3
395099	65944	66168	4
69193	225736	290089	3
316047	1007648	1021855	4
459728	886466	890575	4
570729	757737	762476	3
166944	140456	143826	6
454176	861830	890575	5
166944	298277	316047	3
166944	997191	1021855	4
166944	306847	316047	3
459728	821838	890575	4
570729	310099	316047	4
454176	330461	345865	5
295322	791468	795643	4
120973	544032	547931	4
459728	85887	107420	3
570729	282925	290089	4
316047	113170	120973	3
795643	386652	388734	4
395099	525230	529278	4
660040	540684	547931	6
122311	978171	994872	4
120973	818031	890575	5
295322	759043	762476	4
660040	572447	599551	5
166944	635400	645478	4
395099	647409	660040	5
295322	420587	421446	4
660040	616495	632517	5
295322	111472	120973	3
290089	58099	59313	4
388734	373683	384020	4
660040	1007819	1021855	3
795643	265943	290089	3
166944	647697	660040	5
166944	573729	599551	4
395099	1019961	1021855	3
120973	533480	533522	3
660040	873751	890575	3
660040	150862	166944	2
388734	309044	316047	4
911023	769855	784188	6
120973	371045	384020	3
122311	192100	290089	2
570729	397117	421446	5
120973	719061	735897	3
454176	443968	454176	1
459728	478682	506717	2
295322	125031	128901	5
795643	764923	784188	6
660040	1044857	26260	4
795643	195098	290089	3
699962	570822	599551	4
388734	66863	69193	4
795643	736007	755496	6
699962	799766	807381	3
166944	457806	459728	2
290089	537288	547931	5
290089	202793	290089	1
454176	486540	506717	2
122311	620357	632517	4
295322	927787	954057	4
459728	677263	684796	5
120973	1000755	1021855	4
69193	463922	469614	4
166944	725406	735897	3
570729	637179	645478	2
699962	14960	26260	3
69193	549864	553326	4
122311	7135	26260	5
570729	274042	290089	4
454176	920827	954057	5
166944	674808	684796	6
699962	897338	911023	3
388734	727971	735897	4
699962	421398	421446	5
459728	355394	362361	5
459728	90775	107420	3
166944	892625	911023	4
295322	994407	994872	3
388734	410986	421446	2
69193	951422	954057	5
290089	787672	795643	5
388734	232242	290089	5
570729	417772	421446	5
166944	206519	290089	1
795643	590397	599551	4
316047	36236	53726	5
122311	251780	290089	2
69193	719936	735897	4
122311	662458	664545	2
911023	398681	421446	3
459728	107272	107420	3
69193	1003283	1021855	5
454176	262151	290089	5
290089	465143	469614	3
295322	517163	529278	4
911023	103334	107420	4
69193	1003851	1021855	5
290089	244300	290089	1
120973	886952	890575	5
395099	252997	290089	5
570729	548690	553326	6
122311	45355	53726	6
459728	88435	107420	3
69193	634918	645478	3
395099	890998	891259	4
316047	808625	814289	4
570729	963415	971568	3
795643	374839	384020	3
795643	42618	53726	3
454176	3552	26260	4
290089	94607	107420	5
570729	156674	166944	4
699962	528480	529278	5
459728	43624	53726	4
699962	96489	107420	4
911023	69921	81771	4
454176	955846	971568	4
660040	948093	954057	5
295322	979242	994872	3
316047	504306	506717	3
660040	450790	454176	3
459728	494898	506717	2
699962	499923	506717	5
459728	955826	971568	4
570729	253836	290089	4
122311	508489	510737	4
570729	459739	469614	5
459728	900239	911023	4
395099	642779	645478	4
660040	263735	290089	3
122311	307361	316047	3
454176	306457	316047	4
290089	1027843	1034108	3
290089	684367	684796	5
120973	387152	388734	2
454176	422156	454176	1
69193	467738	469614	4
395099	734023	735897	4
699962	142786	143826	5
120973	394452	395099	3
454176	874398	890575	5
388734	349695	362361	5
459728	679698	684796	5
454176	865884	890575	5
69193	261594	290089	3
290089	885901	890575	6
699962	432550	454176	3
459728	213576	290089	5
120973	1033666	1034108	5
795643	263387	290089	3
290089	748916	755496	5
316047	742025	755496	3
570729	519296	529278	6
795643	367446	384020	3
295322	128517	128901	5
166944	156722	166944	1
316047	116810	120973	3
290089	905778	911023	3
122311	337861	345865	3
388734	745194	755496	3
290089	558801	570729	2
69193	734367	735897	4
166944	496815	506717	3
911023	1007918	1021855	2
316047	197509	290089	5
166944	704477	704886	3
166944	534914	547931	4
570729	20812	26260	4
395099	24029	26260	4
459728	302017	316047	4
120973	270604	290089	2
570729	886867	890575	5
120973	318562	324098	3
395099	698158	699962	4
388734	573045	599551	3
395099	657607	660040	5
120973	1037593	1041459	5
69193	954614	971568	4
316047	77183	81771	6
120973	827029	890575	5
395099	118480	120973	4
395099	621703	632517	3
295322	865854	890575	6
69193	259358	290089	3
454176	174052	290089	5
316047	208900	290089	5
660040	366749	384020	4
911023	804656	807381	4
290089	900332	911023	3
122311	403715	421446	3
459728	735120	735897	4
395099	920884	954057	6
699962	695700	697154	5
395099	439695	454176	2
795643	679001	684796	6
570729	140214	143826	5
166944	977778	994872	3
388734	646336	660040	5
570729	532119	533522	5
699962	343636	345865	4
388734	887216	890575	4
660040	369991	384020	4
699962	394704	395099	5
316047	924644	954057	4
660040	240230	290089	3
295322	381069	384020	2
166944	322845	324098	2
660040	713050	718544	3
570729	1036269	1041459	4
459728	948395	954057	5
388734	730530	735897	4
699962	729736	735897	2
699962	168407	290089	5
316047	494357	506717	3
316047	912824	954057	4
459728	1015778	1021855	2
388734	19734	26260	4
454176	373990	384020	4
316047	558854	570729	5
570729	212606	290089	4
388734	640812	645478	4
911023	348722	362361	5
295322	967	26260	4
69193	507717	510737	3
795643	433154	454176	3
395099	518397	529278	4
454176	172477	290089	5
388734	939512	954057	6
454176	129450	129836	5
395099	47008	53726	5
120973	810220	814289	4
122311	311023	316047	3
570729	970932	971568	3
388734	263406	290089	5
459728	966088	971568	4
459728	923543	954057	5
295322	273154	290089	5
122311	7439	26260	5
122311	935760	954057	6
290089	808505	814289	6
295322	839473	890575	6
295322	167803	290089	5
120973	595444	599551	4
911023	354670	362361	5
911023	949297	954057	2
459728	1745	26260	4
166944	534742	547931	4
69193	650803	660040	4
295322	820955	890575	6
459728	693708	697154	4
120973	200601	290089	2
120973	751908	755496	4
911023	130617	132698	3
699962	704284	704886	1
316047	724833	735897	4
122311	137092	143826	2
290089	975133	994872	3
295322	394302	395099	4
122311	181137	290089	2
316047	230248	290089	5
395099	871074	890575	4
570729	422617	454176	5
911023	755537	762476	5
454176	267846	290089	5
388734	1041018	1041459	4
911023	361979	362361	5
570729	486115	506717	5
122311	690104	693345	4
120973	384229	388734	2
295322	380553	384020	2
459728	251970	290089	5
316047	533867	547931	4
911023	1021894	1034108	3
120973	362279	362361	4
166944	353194	362361	3
395099	428069	454176	2
120973	228386	290089	2
166944	420387	421446	4
316047	689029	693345	4
166944	484028	506717	3
120973	877976	890575	5
69193	385290	388734	3
166944	928640	954057	5
911023	120440	120973	3
660040	211298	290089	3
295322	198529	290089	5
699962	441544	454176	3
795643	728888	735897	5
911023	498750	506717	4
699962	942454	954057	4
295322	120169	120973	3
69193	143353	143826	4
290089	502922	506717	4
699962	758942	762476	3
395099	420260	421446	1
699962	785898	795643	2
388734	456691	459728	2
570729	486245	506717	5
122311	275766	290089	2
570729	549863	553326	6
295322	732435	735897	4
660040	803563	807381	2
120973	882816	890575	5
911023	460817	469614	3
120973	968097	971568	4
290089	24479	26260	4
795643	871694	890575	2
660040	1019758	1021855	3
395099	122776	128901	5
395099	838991	890575	4
395099	385842	388734	5
459728	931880	954057	5
459728	1040801	1041459	3
454176	995846	1021855	2
570729	1028528	1034108	3
295322	935006	954057	4
795643	550244	553326	5
454176	530500	533522	2
911023	331588	345865	5
120973	867274	890575	5
911023	772047	784188	6
395099	557334	570729	4
660040	417337	421446	6
388734	475990	506717	3
454176	427291	454176	1
120973	454615	459728	3
122311	609664	632517	4
316047	403513	421446	3
122311	804012	807381	3
395099	435602	454176	2
699962	996963	1021855	3
660040	435743	454176	3
69193	680967	684796	5
395099	738256	755496	3
699962	229096	290089	5
290089	847184	890575	6
911023	534429	547931	4
395099	530603	533522	2
388734	870452	890575	4
122311	1011548	1021855	4
570729	818725	890575	5
122311	1033206	1034108	4
316047	461777	469614	3
388734	429496	454176	2
316047	983345	994872	3
290089	128378	128901	5
454176	864489	890575	5
69193	796256	807381	5
795643	578203	599551	4
570729	755956	762476	3
122311	264641	290089	2
290089	447170	454176	2
295322	276608	290089	5
166944	50802	53726	6
290089	940626	954057	4
316047	972454	994872	3
795643	793329	795643	1
295322	115972	120973	3
459728	552892	553326	3
699962	27082	35840	4
795643	291007	295322	2
911023	872430	890575	5
459728	350573	362361	5
660040	948920	954057	5
122311	664265	664545	2
911023	1036734	1041459	3
570729	55328	59313	2
69193	1040347	1041459	5
316047	304258	316047	1
316047	714105	718544	4
795643	653016	660040	5
290089	1038127	1041459	4
388734	409480	421446	2
120973	942032	954057	4
388734	84778	107420	4
166944	328453	345865	3
454176	280191	290089	5
795643	714505	718544	5
459728	730222	735897	4
290089	223352	290089	1
295322	755238	755496	4
395099	1028508	1034108	3
795643	547	26260	4
69193	274892	290089	3
166944	486876	506717	3
459728	852790	890575	4
459728	821738	890575	4
69193	44853	53726	6
660040	451339	454176	3
290089	275264	290089	1
454176	138599	143826	6
290089	904682	911023	3
120973	193425	290089	2
388734	370334	384020	4
454176	472560	506717	2
316047	423432	454176	3
316047	316615	324098	1
120973	185352	290089	2
795643	504720	506717	5
795643	249833	290089	3
459728	299294	316047	4
122311	597314	599551	4
570729	221450	290089	4
660040	1032919	1034108	3
290089	799572	807381	5
454176	848404	890575	5
295322	785143	795643	4
290089	1016124	1021855	4
166944	122828	128901	7
395099	433744	454176	2
395099	152497	166944	5
395099	4452	26260	4
316047	876455	890575	5
166944	766911	784188	3
699962	887310	890575	4
120973	978494	994872	5
395099	238300	290089	5
795643	611811	632517	4
388734	942541	954057	6
395099	158551	166944	5
395099	293795	295322	3
69193	776763	784188	5
699962	881627	890575	4
699962	937236	954057	4
454176	397777	421446	6
166944	974744	994872	3
295322	1006473	1021855	4
459728	559585	570729	4
660040	789681	795643	3
459728	105595	107420	3
69193	507627	510737	3
570729	611537	632517	2
290089	452415	454176	2
290089	96498	107420	5
660040	104328	107420	4
166944	722403	735897	3
295322	930246	954057	4
454176	406998	421446	6
570729	541639	547931	6
388734	89691	107420	4
911023	44316	53726	3
388734	1021138	1021855	3
911023	398200	421446	3
290089	239380	290089	1
166944	653318	660040	5
69193	174169	290089	3
290089	992757	994872	3
295322	60253	66168	5
459728	440868	454176	4
395099	704716	704886	4
316047	233023	290089	5
295322	743564	755496	4
120973	667046	684796	3
459728	975254	994872	4
122311	470690	506717	4
69193	643967	645478	3
395099	247591	290089	5
120973	441609	454176	3
290089	1012915	1021855	4
388734	617383	632517	3
459728	61187	66168	4
395099	1047130	26260	4
454176	857376	890575	5
395099	359700	362361	5
699962	930314	954057	4
166944	871986	890575	5
295322	678530	684796	4
120973	558150	570729	5
166944	804614	807381	4
122311	665298	684796	3
795643	274993	290089	3
290089	57118	59313	4
388734	503152	506717	3
699962	206801	290089	5
290089	717951	718544	4
290089	324827	345865	2
570729	168133	290089	4
120973	294174	295322	2
395099	407292	421446	1
120973	107354	107420	6
166944	599568	632517	3
166944	133206	143826	6
660040	604248	632517	5
911023	214072	290089	3
166944	680250	684796	6
388734	422414	454176	2
69193	65410	66168	6
166944	531982	533522	3
122311	662598	664545	2
388734	659502	660040	5
454176	810706	814289	4
570729	665199	684796	3
166944	126082	128901	7
459728	23553	26260	4
395099	727687	735897	4
454176	442506	454176	1
295322	386321	388734	3
660040	113078	120973	4
290089	880229	890575	6
69193	134931	143826	4
295322	446291	454176	3
459728	987171	994872	4
316047	308346	316047	1
120973	290645	295322	2
122311	639668	645478	5
166944	861942	890575	5
795643	762618	784188	6
316047	443697	454176	3
122311	1023681	1034108	4
166944	178937	290089	1
316047	535299	547931	4
388734	848727	890575	4
459728	792254	795643	3
459728	547522	547931	3
122311	99612	107420	5
570729	196208	290089	4
316047	299373	316047	1
395099	280132	290089	5
290089	65041	66168	5
166944	131807	132698	6
316047	459561	459728	2
166944	741244	755496	3
699962	806971	807381	3
699962	462118	469614	4
795643	238940	290089	3
295322	489452	506717	3
388734	361126	362361	5
120973	330998	345865	3
69193	482381	506717	5
290089	607803	632517	3
166944	35509	35840	5
166944	163311	166944	1
388734	538293	547931	3
454176	235929	290089	5
295322	793696	795643	4
911023	442302	454176	3
295322	702138	704886	6
166944	923757	954057	5
316047	250406	290089	5
395099	849424	890575	4
166944	392652	395099	4
795643	639210	645478	4
290089	139627	143826	5
69193	907058	911023	4
295322	247728	290089	5
699962	563715	570729	3
911023	831377	890575	5
570729	297962	316047	4
69193	719034	735897	4
395099	41683	53726	5
69193	416519	421446	4
570729	790093	795643	3
570729	757120	762476	3
295322	651899	660040	3
166944	580890	599551	4
316047	144257	166944	4
911023	961692	971568	2
69193	562096	570729	5
69193	280446	290089	3
454176	842622	890575	5
570729	918853	954057	4
290089	189876	290089	1
454176	624460	632517	2
120973	273226	290089	2
69193	997337	1021855	5
570729	961287	971568	3
795643	426336	454176	3
459728	242539	290089	5
69193	67681	69193	1
459728	920223	954057	5
120973	227278	290089	2
459728	941950	954057	5
166944	77304	81771	5
122311	247934	290089	2
699962	227365	290089	5
388734	483032	506717	3
69193	471142	506717	5
699962	969240	971568	3
660040	289907	290089	3
660040	978440	994872	3
699962	640267	645478	4
388734	380816	384020	4
570729	977179	994872	3
795643	457253	459728	4
395099	633627	645478	4
69193	677991	684796	5
295322	942988	954057	4
911023	752268	755496	4
699962	160694	166944	5
166944	630874	632517	3
699962	276279	290089	5
295322	944637	954057	4
295322	351158	362361	2
699962	978980	994872	2
69193	217724	290089	3
795643	491821	506717	5
69193	16157	26260	5
395099	350634	362361	5
388734	452349	454176	2
454176	73055	81771	5
454176	523012	529278	3
166944	29105	35840	5
290089	57624	59313	4
454176	122874	128901	5
295322	395681	421446	4
316047	888827	890575	5
395099	948897	954057	6
388734	761775	762476	4
316047	631127	632517	2
911023	867298	890575	5
699962	728520	735897	2
69193	955413	971568	4
69193	189096	290089	3
122311	200185	290089	2
122311	875261	890575	4
911023	611430	632517	4
454176	728272	735897	2
795643	447172	454176	3
290089	569201	570729	2
122311	337930	345865	3
69193	1003797	1021855	5
395099	588893	599551	3
795643	18562	26260	4
454176	44680	53726	4
69193	795210	795643	4
120973	528629	529278	5
570729	547308	547931	6
316047	721068	735897	4
290089	197517	290089	1
454176	180859	290089	5
911023	775832	784188	6
454176	712090	718544	4
660040	535767	547931	6
316047	425817	454176	3
120973	889774	890575	5
120973	987386	994872	5
395099	192249	290089	5
911023	526528	529278	5
295322	164892	166944	4
395099	103366	107420	4
69193	856541	890575	5
699962	345477	345865	3
122311	274160	290089	2
395099	282920	290089	5
290089	716114	718544	4
120973	606101	632517	4
795643	620989	632517	4
388734	685371	693345	4
290089	367213	384020	2
570729	1002336	1021855	4
316047	384877	388734	2
795643	1027707	1034108	3
911023	178196	290089	3
388734	904677	911023	5
795643	490504	506717	5
69193	906659	911023	4
290089	677648	684796	5
570729	673079	684796	3
290089	873418	890575	6
660040	468286	469614	4
795643	252722	290089	3
911023	181815	290089	3
395099	311524	316047	4
166944	364938	384020	3
388734	594853	599551	3
454176	897966	911023	4
795643	790248	795643	1
795643	996462	1021855	3
69193	145427	166944	2
570729	717031	718544	2
295322	70066	81771	6
459728	764113	784188	4
290089	82560	107420	5
316047	796435	807381	5
295322	756724	762476	4
395099	246702	290089	5
395099	90615	107420	4
454176	751443	755496	3
699962	809706	814289	3
69193	519446	529278	4
699962	301269	316047	3
69193	338428	345865	3
295322	853319	890575	6
454176	669872	684796	5
166944	712234	718544	3
699962	614801	632517	4
290089	452287	454176	2
290089	500945	506717	4
166944	124579	128901	7
660040	198260	290089	3
120973	463626	469614	4
290089	663801	664545	4
454176	673210	684796	5
459728	767334	784188	4
570729	171131	290089	4
795643	871640	890575	2
388734	247850	290089	5
660040	589588	599551	5
69193	1027133	1034108	4
120973	254981	290089	2
290089	55358	59313	4
395099	263941	290089	5
795643	864223	890575	2
459728	42924	53726	4
395099	200003	290089	5
69193	513996	529278	4
454176	679388	684796	5
295322	295087	295322	1
795643	1003895	1021855	3
388734	192866	290089	5
459728	262722	290089	5
459728	19587	26260	4
290089	14415	26260	4
120973	743417	755496	4
911023	356160	362361	5
295322	1027740	1034108	3
120973	977008	994872	5
395099	152487	166944	5
459728	893630	911023	4
795643	425771	454176	3
459728	540980	547931	3
290089	705970	718544	4
122311	77846	81771	6
122311	214184	290089	2
459728	777543	784188	4
660040	723160	735897	3
166944	831599	890575	5
316047	585145	599551	4
454176	173454	290089	5
570729	128399	128901	4
120973	777146	784188	5
570729	1027196	1034108	3
166944	160625	166944	1
290089	722050	735897	4
795643	305485	316047	3
570729	246334	290089	4
459728	534010	547931	3
395099	1024670	1034108	3
120973	417854	421446	3
395099	480674	506717	2
395099	188445	290089	5
795643	306147	316047	3
660040	1021647	1021855	3
388734	771462	784188	5
388734	438923	454176	2
911023	45942	53726	3
316047	717685	718544	4
388734	785679	795643	4
120973	22947	26260	6
120973	455993	459728	3
459728	1035522	1041459	3
459728	930647	954057	5
795643	28175	35840	2
388734	927658	954057	6
295322	770436	784188	5
120973	519443	529278	5
570729	196031	290089	4
122311	167051	290089	2
290089	116248	120973	3
795643	659437	660040	5
459728	966886	971568	4
911023	994710	994872	3
122311	334013	345865	3
69193	973294	994872	4
699962	871860	890575	4
699962	551194	553326	5
795643	671887	684796	6
699962	779894	784188	4
316047	534080	547931	4
795643	772563	784188	6
911023	173578	290089	3
795643	947440	954057	4
395099	854968	890575	4
290089	859920	890575	6
69193	85773	107420	2
388734	615667	632517	3
395099	189188	290089	5
388734	345	26260	4
166944	705416	718544	3
660040	3081	26260	4
395099	991101	994872	3
795643	542893	547931	6
911023	218166	290089	3
388734	576290	599551	3
69193	557377	570729	5
395099	985966	994872	3
69193	715823	718544	4
459728	288329	290089	5
795643	632012	632517	4
388734	549757	553326	3
570729	71017	81771	4
795643	699664	699962	6
911023	306054	316047	4
660040	371133	384020	4
69193	980017	994872	4
395099	674719	684796	3
388734	707620	718544	4
388734	626778	632517	3
295322	248563	290089	5
290089	22713	26260	4
290089	809927	814289	6
388734	557772	570729	4
120973	608813	632517	4
316047	417228	421446	3
699962	866147	890575	4
120973	270277	290089	2
69193	170391	290089	3
395099	365264	384020	4
570729	162050	166944	4
911023	74278	81771	4
570729	972990	994872	3
699962	658485	660040	5
699962	290408	295322	2
395099	187428	290089	5
120973	858079	890575	5
570729	237684	290089	4
795643	262038	290089	3
660040	315908	316047	4
699962	143544	143826	5
122311	246165	290089	2
388734	751247	755496	3
699962	170388	290089	5
316047	891938	911023	3
122311	932033	954057	6
166944	153578	166944	1
120973	936719	954057	4
120973	218725	290089	2
388734	819571	890575	4
795643	554369	570729	3
122311	544991	547931	4
795643	29192	35840	2
395099	108617	120973	4
120973	164948	166944	2
120973	432992	454176	3
166944	522209	529278	4
570729	186656	290089	4
660040	229400	290089	3
795643	282798	290089	3
166944	913694	954057	5
120973	755289	755496	4
316047	301406	316047	1
911023	479193	506717	4
120973	748805	755496	4
570729	922615	954057	4
388734	306883	316047	4
459728	641103	645478	3
290089	617790	632517	3
69193	287180	290089	3
459728	324239	345865	4
388734	686084	693345	4
316047	124398	128901	5
459728	268844	290089	5
316047	413391	421446	3
454176	1048405	26260	4
459728	350442	362361	5
660040	146263	166944	2
290089	863567	890575	6
295322	543936	547931	4
911023	851166	890575	5
395099	541221	547931	3
388734	640253	645478	4
290089	793834	795643	5
120973	921063	954057	4
388734	1014000	1021855	3
316047	370098	384020	2
459728	43572	53726	4
290089	989874	994872	3
911023	534296	547931	4
699962	747693	755496	2
795643	249869	290089	3
316047	816112	890575	5
395099	288482	290089	5
295322	1042228	26260	4
69193	907002	911023	4
660040	1026382	1034108	3
795643	33281	35840	2
395099	254087	290089	5
120973	739868	755496	4
395099	934674	954057	6
699962	282550	290089	5
122311	5208	26260	5
459728	699554	699962	5
454176	959014	971568	4
911023	206557	290089	3
290089	592734	599551	3
316047	29018	35840	4
69193	938852	954057	5
120973	119667	120973	1
699962	259175	290089	5
69193	650245	660040	4
454176	16712	26260	4
295322	719827	735897	4
295322	849292	890575	6
395099	857410	890575	4
166944	933916	954057	5
459728	994353	994872	4
295322	189263	290089	5
570729	189760	290089	4
454176	237658	290089	5
295322	750881	755496	4
122311	793367	795643	4
795643	967480	971568	2
660040	990902	994872	3
69193	425795	454176	3
699962	496976	506717	5
795643	960499	971568	2
166944	361385	362361	3
69193	129627	129836	3
316047	324168	345865	2
290089	926820	954057	4
395099	674853	684796	3
316047	990163	994872	3
699962	27978	35840	4
388734	381298	384020	4
395099	261431	290089	5
388734	501057	506717	3
454176	708271	718544	4
69193	987508	994872	4
388734	248348	290089	5
795643	195672	290089	3
395099	246297	290089	5
454176	629906	632517	2
699962	899081	911023	3
122311	903685	911023	5
69193	915806	954057	5
388734	179533	290089	5
166944	524708	529278	4
295322	1036871	1041459	4
120973	211977	290089	2
699962	315507	316047	3
911023	80047	81771	4
166944	185751	290089	1
570729	129741	129836	4
459728	843147	890575	4
69193	572643	599551	5
295322	541358	547931	4
699962	500180	506717	5
290089	480265	506717	4
295322	334296	345865	3
120973	436218	454176	3
69193	549832	553326	4
316047	82464	107420	5
454176	587058	599551	3
69193	11127	26260	5
911023	51484	53726	3
295322	343975	345865	3
570729	245168	290089	4
911023	775981	784188	6
122311	608031	632517	4
454176	388991	395099	6
911023	998140	1021855	2
69193	636600	645478	3
166944	302092	316047	3
122311	79223	81771	6
122311	952258	954057	6
120973	389325	395099	3
316047	187449	290089	5
120973	625742	632517	4
122311	346875	362361	4
795643	57205	59313	3
795643	767891	784188	6
316047	714794	718544	4
395099	673315	684796	3
166944	916587	954057	5
290089	139755	143826	5
911023	449160	454176	3
911023	436423	454176	3
290089	391647	395099	4
388734	801843	807381	3
699962	370054	384020	3
570729	74585	81771	4
295322	677968	684796	4
570729	225511	290089	4
395099	328544	345865	4
166944	215030	290089	1
166944	549728	553326	4
795643	417620	421446	5
290089	734404	735897	4
699962	181953	290089	5
166944	45014	53726	6
290089	972482	994872	3
911023	931783	954057	2
660040	264907	290089	3
660040	605312	632517	5
454176	231538	290089	5
388734	301323	316047	4
166944	9577	26260	4
699962	138565	143826	5
122311	94533	107420	5
290089	559966	570729	2
660040	44466	53726	5
316047	479785	506717	3
660040	647889	660040	1
122311	731915	735897	4
660040	636219	645478	5
570729	626278	632517	2
911023	709775	718544	5
388734	348653	362361	5
290089	34730	35840	4
290089	501171	506717	4
316047	781015	784188	5
295322	493057	506717	3
166944	910406	911023	4
388734	94932	107420	4
120973	670965	684796	3
395099	430352	454176	2
699962	919	26260	3
290089	335868	345865	2
795643	408715	421446	5
795643	572096	599551	4
295322	744608	755496	4
570729	663442	664545	3
795643	713474	718544	5
166944	441442	454176	4
570729	570476	570729	1
699962	258450	290089	5
295322	455704	459728	2
120973	37186	53726	5
122311	958893	971568	3
395099	800403	807381	3
454176	711015	718544	4
295322	1043753	26260	4
454176	502559	506717	2
395099	923621	954057	6
454176	322877	324098	4
911023	925555	954057	2
69193	346246	362361	2
166944	808355	814289	5
570729	649818	660040	2
699962	404376	421446	5
69193	894177	911023	4
316047	1040621	1041459	4
459728	475397	506717	2
911023	407385	421446	3
69193	762453	762476	4
911023	1036414	1041459	3
395099	166869	166944	5
795643	788636	795643	1
795643	1038733	1041459	4
316047	572124	599551	4
166944	391906	395099	4
454176	342085	345865	4
166944	900106	911023	4
120973	212700	290089	2
795643	551471	553326	5
295322	873901	890575	6
166944	572476	599551	4
795643	770531	784188	6
459728	930471	954057	5
295322	974386	994872	3
570729	558266	570729	1
699962	171951	290089	5
295322	788918	795643	4
120973	314395	316047	3
911023	222424	290089	3
120973	666977	684796	3
166944	527481	529278	4
454176	406925	421446	6
454176	836563	890575	5
290089	937303	954057	4
395099	832816	890575	4
795643	300392	316047	3
395099	664777	684796	3
166944	236800	290089	1
395099	151492	166944	5
166944	914527	954057	5
122311	74737	81771	6
911023	705156	718544	5
459728	736833	755496	2
388734	863346	890575	4
295322	862937	890575	6
166944	808380	814289	5
395099	139328	143826	6
290089	756781	762476	4
69193	414464	421446	4
316047	527661	529278	4
459728	876511	890575	4
459728	235103	290089	5
122311	740210	755496	3
166944	31547	35840	5
295322	399102	421446	4
660040	524135	529278	5
395099	1035141	1041459	4
395099	117064	120973	4
699962	824205	890575	4
295322	677030	684796	4
295322	890387	890575	6
290089	653180	660040	4
570729	137964	143826	5
316047	594860	599551	4
120973	978593	994872	5
316047	771798	784188	5
122311	655952	660040	6
459728	93034	107420	3
795643	123918	128901	5
911023	611001	632517	4
388734	365347	384020	4
660040	999440	1021855	3
699962	180419	290089	5
570729	782409	784188	4
911023	111132	120973	3
454176	619870	632517	2
166944	369120	384020	3
459728	704981	718544	4
295322	194756	290089	5
395099	357265	362361	5
660040	457361	459728	4
699962	311024	316047	3
388734	406194	421446	2
69193	781401	784188	5
911023	952954	954057	2
290089	169415	290089	1
660040	358201	362361	5
69193	668187	684796	5
570729	76046	81771	4
316047	345507	345865	2
459728	161928	166944	5
388734	655901	660040	5
660040	254420	290089	3
454176	36624	53726	4
122311	1034923	1041459	5
395099	891772	911023	5
166944	892512	911023	4
459728	355505	362361	5
166944	414454	421446	4
388734	3842	26260	4
660040	382349	384020	4
570729	1024417	1034108	3
699962	163265	166944	5
316047	687355	693345	4
388734	935523	954057	6
316047	671845	684796	5
454176	836466	890575	5
660040	952180	954057	5
166944	317347	324098	2
69193	126903	128901	4
570729	797030	807381	4
120973	246741	290089	2
660040	336804	345865	4
69193	669651	684796	5
295322	440219	454176	3
316047	200663	290089	5
570729	1009241	1021855	4
122311	133740	143826	2
295322	34912	35840	4
388734	673897	684796	3
316047	270525	290089	5
699962	158089	166944	5
69193	348247	362361	2
459728	983745	994872	4
660040	529203	529278	5
120973	825671	890575	5
295322	88633	107420	5
388734	911333	911994	5
316047	597828	599551	4
122311	400381	421446	3
316047	382159	384020	2
166944	1021470	1021855	4
570729	398095	421446	5
316047	232534	290089	5
660040	26592	35840	4
395099	528366	529278	4
911023	719161	735897	5
120973	767278	784188	5
69193	78901	81771	1
122311	753649	755496	3
699962	79171	81771	4
316047	49951	53726	5
166944	442065	454176	4
459728	693281	693345	4
570729	290813	295322	3
795643	955748	971568	2
316047	547589	547931	4
570729	810022	814289	4
660040	540058	547931	6
122311	501897	506717	4
388734	839244	890575	4
570729	143419	143826	5
459728	227647	290089	5
120973	254388	290089	2
290089	770485	784188	5
295322	93981	107420	5
316047	423509	454176	3
120973	862906	890575	5
911023	263462	290089	3
795643	275782	290089	3
795643	781827	784188	6
795643	344624	345865	3
911023	227700	290089	3
395099	176907	290089	5
570729	1004350	1021855	4
122311	335690	345865	3
699962	455355	459728	4
295322	647408	660040	3
660040	586788	599551	5
166944	647059	660040	5
570729	500268	506717	5
388734	190444	290089	5
795643	695557	697154	5
570729	665838	684796	3
166944	232538	290089	1
795643	27726	35840	2
295322	323940	324098	2
295322	275456	290089	5
166944	615635	632517	3
795643	640998	645478	4
295322	48706	53726	5
395099	903945	911023	5
316047	835776	890575	5
570729	89041	107420	3
459728	501166	506717	2
122311	317226	324098	3
290089	107333	107420	5
911023	722640	735897	5
660040	36857	53726	5
69193	1007565	1021855	5
122311	778813	784188	5
388734	24677	26260	4
388734	959541	971568	2
454176	1014297	1021855	2
69193	569000	570729	5
120973	810543	814289	4
570729	627862	632517	2
795643	706566	718544	5
699962	231720	290089	5
570729	1005904	1021855	4
316047	777597	784188	5
122311	162160	166944	2
454176	779338	784188	4
122311	740362	755496	3
388734	841203	890575	4
699962	360272	362361	4
166944	808643	814289	5
122311	947581	954057	6
295322	383912	384020	2
290089	726856	735897	4
290089	882001	890575	6
290089	317760	324098	2
316047	605077	632517	2
570729	711598	718544	2
454176	120564	120973	4
316047	459028	459728	2
388734	1022196	1034108	3
166944	312533	316047	3
454176	187186	290089	5
69193	169042	290089	3
795643	482186	506717	5
290089	419251	421446	4
295322	623627	632517	3
911023	874407	890575	5
660040	989959	994872	3
290089	762885	784188	5
166944	799241	807381	4
454176	260030	290089	5
454176	497064	506717	2
388734	166322	166944	5
120973	756629	762476	4
699962	289913	290089	5
122311	588220	599551	4
122311	21588	26260	5
290089	901514	911023	3
295322	35233	35840	4
388734	175047	290089	5
316047	711225	718544	4
69193	66261	69193	1
122311	116621	120973	5
69193	664560	684796	5
166944	691020	693345	5
911023	431403	454176	3
660040	338931	345865	4
395099	1025841	1034108	3
388734	820758	890575	4
166944	155364	166944	1
459728	968537	971568	4
570729	188453	290089	4
454176	383356	384020	4
699962	160184	166944	5
660040	886307	890575	3
395099	668225	684796	3
120973	828930	890575	5
122311	1018634	1021855	4
699962	182465	290089	5
120973	593345	599551	4
795643	860088	890575	2
795643	531951	533522	5
295322	702589	704886	6
660040	648832	660040	1
122311	1036679	1041459	5
459728	1031708	1034108	3
699962	95998	107420	4
388734	887039	890575	4
570729	487332	506717	5
459728	712377	718544	4
388734	549572	553326	3
388734	537145	547931	3
911023	843557	890575	5
316047	190063	290089	5
122311	515714	529278	5
395099	877504	890575	4
290089	169634	290089	1
388734	151745	166944	5
388734	864922	890575	4
120973	331373	345865	3
395099	701031	704886	4
795643	51416	53726	3
69193	302090	316047	3
69193	242728	290089	3
388734	679304	684796	3
911023	863681	890575	5
316047	898972	911023	3
122311	1028773	1034108	4
660040	269469	290089	3
295322	354014	362361	2
459728	183678	290089	5
911023	412836	421446	3
795643	711647	718544	5
911023	935920	954057	2
911023	556155	570729	5
166944	237307	290089	1
316047	947981	954057	4
570729	276525	290089	4
454176	401375	421446	6
69193	459061	459728	4
166944	105619	107420	5
120973	659279	660040	2
120973	390256	395099	3
795643	74003	81771	4
290089	162794	166944	4
459728	517242	529278	3
660040	315347	316047	4
166944	630256	632517	3
388734	155455	166944	5
699962	545617	547931	6
660040	847206	890575	3
120973	869790	890575	5
69193	914917	954057	5
570729	179096	290089	4
122311	385337	388734	4
166944	881315	890575	5
459728	851839	890575	4
295322	825183	890575	6
122311	514461	529278	5
388734	213103	290089	5
388734	180768	290089	5
166944	597488	599551	4
395099	666799	684796	3
395099	176658	290089	5
316047	4697	26260	4
911023	1016607	1021855	2
699962	685442	693345	5
459728	1028225	1034108	3
120973	510001	510737	4
122311	843038	890575	4
290089	165873	166944	4
660040	743901	755496	2
395099	322646	324098	4
122311	848970	890575	4
120973	639603	645478	5
911023	900708	911023	1
911023	671182	684796	4
166944	266524	290089	1
290089	216570	290089	1
69193	53677	53726	6
795643	228094	290089	3
69193	546516	547931	5
570729	648077	660040	2
120973	484036	506717	4
911023	286177	290089	3
699962	330487	345865	3
570729	90844	107420	3
69193	430066	454176	3
388734	785050	795643	4
295322	528585	529278	4
795643	23582	26260	4
290089	74469	81771	6
660040	534758	547931	6
570729	707731	718544	2
570729	813798	814289	4
290089	909959	911023	3
120973	187033	290089	2
459728	466442	469614	1
290089	1024573	1034108	3
69193	580874	599551	5
295322	256979	290089	5
660040	501068	506717	5
120973	520156	529278	5
454176	857702	890575	5
290089	857323	890575	6
122311	839280	890575	4
388734	477384	506717	3
570729	453855	454176	5
660040	1039857	1041459	4
699962	553579	570729	3
388734	429842	454176	2
295322	546525	547931	4
570729	711098	718544	2
69193	24736	26260	5
699962	5275	26260	3
395099	784827	795643	4
295322	119311	120973	3
911023	869411	890575	5
166944	642098	645478	4
454176	669159	684796	5
699962	545250	547931	6
395099	584816	599551	3
395099	670760	684796	3
316047	231901	290089	5
660040	221916	290089	3
295322	866704	890575	6
388734	466659	469614	2
911023	1027521	1034108	3
166944	143746	143826	6
395099	602754	632517	3
911023	167195	290089	3
454176	352704	362361	5
795643	1033595	1034108	3
911023	901396	911023	1
290089	408806	421446	4
69193	224360	290089	3
388734	720686	735897	4
795643	457068	459728	4
316047	318413	324098	1
395099	237933	290089	5
660040	167551	290089	3
395099	30769	35840	4
122311	352202	362361	4
911023	698952	699962	5
69193	667864	684796	5
699962	543744	547931	6
454176	442780	454176	1
290089	846720	890575	6
69193	160699	166944	2
69193	549326	553326	4
290089	123572	128901	5
295322	807288	807381	5
699962	639159	645478	4
660040	612150	632517	5
388734	333442	345865	4
166944	496077	506717	3
120973	8421	26260	6
120973	24454	26260	6
295322	1027783	1034108	3
290089	720988	735897	4
166944	26048	26260	4
660040	1035591	1041459	4
459728	601460	632517	2
395099	80744	81771	5
120973	343785	345865	3
69193	943814	954057	5
570729	339641	345865	4
166944	302198	316047	3
454176	686561	693345	4
699962	178748	290089	5
454176	881333	890575	5
295322	56148	59313	4
290089	769021	784188	5
122311	307143	316047	3
911023	294915	295322	3
795643	622770	632517	4
795643	207907	290089	3
395099	529272	529278	4
570729	260816	290089	4
699962	729726	735897	2
911023	548680	553326	4
570729	927153	954057	4
459728	17620	26260	4
570729	520725	529278	6
69193	427845	454176	3
388734	994118	994872	3
570729	432582	454176	5
290089	933977	954057	4
122311	858850	890575	4
69193	907162	911023	4
454176	82296	107420	3
166944	921941	954057	5
795643	336014	345865	3
795643	228917	290089	3
699962	763730	784188	4
459728	545891	547931	3
295322	148598	166944	4
795643	587084	599551	4
316047	784726	795643	4
911023	258858	290089	3
120973	626117	632517	4
166944	44497	53726	6
699962	793223	795643	2
69193	949115	954057	5
395099	917926	954057	6
295322	482553	506717	3
69193	32850	35840	5
795643	327330	345865	3
388734	446002	454176	2
699962	569363	570729	3
395099	707875	718544	4
295322	210073	290089	5
316047	477393	506717	3
454176	817953	890575	5
454176	300128	316047	4
395099	533714	547931	3
122311	498101	506717	4
395099	428244	454176	2
699962	823796	890575	4
290089	271956	290089	1
166944	1037529	1041459	5
290089	206502	290089	1
69193	328680	345865	3
316047	269397	290089	5
122311	781554	784188	5
166944	726054	735897	3
295322	34501	35840	4
911023	180232	290089	3
120973	711709	718544	4
388734	649066	660040	5
660040	149531	166944	2
120973	468907	469614	4
459728	648838	660040	4
459728	234699	290089	5
388734	732866	735897	4
570729	1031918	1034108	3
388734	713893	718544	4
660040	494999	506717	5
454176	1024022	1034108	3
395099	764504	784188	5
911023	228766	290089	3
388734	2050	26260	4
295322	889085	890575	6
660040	276586	290089	3
69193	204114	290089	3
660040	298538	316047	4
316047	676646	684796	5
454176	644069	645478	3
290089	852060	890575	6
122311	143530	143826	2
166944	583428	599551	4
795643	860735	890575	2
660040	212923	290089	3
290089	929966	954057	4
454176	698072	699962	5
290089	23327	26260	4
454176	215920	290089	5
570729	172673	290089	4
295322	276479	290089	5
290089	196283	290089	1
395099	88596	107420	4
454176	165626	166944	5
290089	96034	107420	5
69193	1017743	1021855	5
69193	5788	26260	5
166944	1032850	1034108	4
295322	112799	120973	3
395099	158791	166944	5
316047	572285	599551	4
795643	12694	26260	4
295322	783057	784188	5
166944	81316	81771	5
660040	937964	954057	5
122311	683243	684796	3
795643	452220	454176	3
166944	432098	454176	4
395099	332222	345865	4
795643	970560	971568	2
120973	450134	454176	3
911023	130358	132698	3
660040	312760	316047	4
290089	438329	454176	2
459728	301674	316047	4
454176	716111	718544	4
395099	398671	421446	1
290089	62179	66168	5
795643	707532	718544	5
454176	715055	718544	4
660040	542993	547931	6
295322	90853	107420	5
911023	687677	693345	5
290089	545310	547931	5
69193	650545	660040	4
459728	153012	166944	5
295322	249933	290089	5
120973	435092	454176	3
699962	285101	290089	5
388734	961339	971568	2
295322	88046	107420	5
388734	7541	26260	4
660040	230593	290089	3
699962	738112	755496	2
459728	431427	454176	4
454176	142968	143826	6
69193	69271	81771	1
69193	757117	762476	4
395099	498993	506717	2
699962	315332	316047	3
911023	1019686	1021855	2
459728	82790	107420	3
290089	5702	26260	4
69193	169721	290089	3
459728	6951	26260	4
454176	440822	454176	1
395099	621210	632517	3
570729	123553	128901	4
660040	296727	316047	4
459728	613982	632517	2
660040	593611	599551	5
69193	543359	547931	5
316047	116618	120973	3
660040	867049	890575	3
295322	112232	120973	3
120973	455079	459728	3
388734	307967	316047	4
166944	142026	143826	6
699962	697095	697154	5
122311	508367	510737	4
395099	247011	290089	5
122311	969417	971568	3
395099	905143	911023	5
69193	537225	547931	5
69193	869025	890575	5
459728	539871	547931	3
388734	302083	316047	4
459728	868798	890575	4
660040	1041952	26260	4
388734	959991	971568	2
395099	606259	632517	3
395099	587693	599551	3
316047	749830	755496	3
69193	166594	166944	2
290089	832144	890575	6
69193	281227	290089	3
454176	467205	469614	2
911023	383367	384020	4
316047	88457	107420	5
699962	1046951	26260	3
395099	1041599	26260	4
795643	965961	971568	2
660040	619301	632517	5
122311	208279	290089	2
699962	527762	529278	5
699962	540623	547931	6
316047	716630	718544	4
454176	997536	1021855	2
290089	421860	454176	2
454176	70607	81771	5
570729	901837	911023	3
795643	5807	26260	4
699962	851677	890575	4
122311	158065	166944	2
290089	475273	506717	4
459728	230161	290089	5
570729	834089	890575	5
459728	136566	143826	6
660040	987000	994872	3
795643	102143	107420	4
388734	826013	890575	4
122311	219441	290089	2
660040	262929	290089	3
911023	435281	454176	3
122311	571449	599551	4
316047	629774	632517	2
395099	636822	645478	4
69193	74151	81771	1
122311	174627	290089	2
395099	974292	994872	3
795643	1046267	26260	4
388734	366325	384020	4
295322	411656	421446	4
395099	464120	469614	3
120973	60785	66168	5
570729	483391	506717	5
166944	192747	290089	1
911023	489290	506717	4
290089	883705	890575	6
316047	618204	632517	2
316047	168724	290089	5
122311	378725	384020	3
795643	243002	290089	3
459728	742479	755496	2
570729	36178	53726	5
69193	324440	345865	3
570729	815175	890575	5
699962	279987	290089	5
166944	827411	890575	5
795643	689814	693345	5
911023	723093	735897	5
454176	52159	53726	4
395099	159576	166944	5
454176	290862	295322	3
122311	267767	290089	2
122311	337070	345865	3
388734	52470	53726	5
911023	805062	807381	4
570729	225099	290089	4
795643	173291	290089	3
388734	426181	454176	2
122311	786731	795643	4
69193	88430	107420	2
570729	631640	632517	2
290089	955799	971568	3
660040	513797	529278	5
290089	967608	971568	3
660040	559727	570729	4
295322	599282	599551	2
69193	958798	971568	4
459728	451302	454176	4
122311	734170	735897	4
120973	120387	120973	1
660040	106085	107420	4
459728	624226	632517	2
459728	940796	954057	5
795643	100080	107420	4
122311	485568	506717	4
388734	405395	421446	2
699962	358718	362361	4
122311	834210	890575	4
166944	769791	784188	3
166944	526500	529278	4
795643	100392	107420	4
290089	370981	384020	2
69193	889880	890575	5
395099	889884	890575	4
120973	126436	128901	2
570729	606842	632517	2
660040	587310	599551	5
911023	495093	506717	4
699962	371201	384020	3
295322	31962	35840	4
699962	839715	890575	4
570729	258408	290089	4
911023	370624	384020	4
388734	1036669	1041459	4
795643	385107	388734	4
660040	124219	128901	5
395099	640449	645478	4
795643	731697	735897	5
570729	266334	290089	4
570729	352145	362361	4
122311	292414	295322	2
316047	163782	166944	4
69193	917714	954057	5
290089	497985	506717	4
120973	586211	599551	4
395099	138403	143826	6
166944	779516	784188	3
570729	380122	384020	4
699962	784408	795643	2
395099	737265	755496	3
795643	219822	290089	3
395099	947064	954057	6
459728	404616	421446	6
660040	344394	345865	5
699962	181961	290089	5
295322	128136	128901	5
459728	654714	660040	4
120973	437544	454176	3
795643	346735	362361	4
120973	504678	506717	4
459728	19525	26260	4
454176	302792	316047	4
295322	778508	784188	5
911023	77978	81771	4
316047	397548	421446	3
911023	785851	795643	5
660040	296227	316047	4
795643	684927	685322	4
699962	577428	599551	4
395099	308910	316047	4
570729	927874	954057	4
122311	620753	632517	4
122311	417336	421446	3
388734	1013224	1021855	3
454176	257260	290089	5
454176	869899	890575	5
911023	1002024	1021855	2
395099	573752	599551	3
120973	456542	459728	3
295322	950480	954057	4
69193	1028216	1034108	4
395099	829500	890575	4
459728	419276	421446	6
316047	984866	994872	3
459728	339627	345865	4
699962	240462	290089	5
795643	929773	954057	4
570729	492628	506717	5
911023	15001	26260	4
795643	838104	890575	2
122311	528571	529278	5
454176	85852	107420	3
295322	591886	599551	2
388734	680584	684796	3
388734	834909	890575	4
316047	660212	664545	4
122311	724977	735897	4
454176	920581	954057	5
388734	807248	807381	3
388734	992229	994872	3
454176	839718	890575	5
699962	37682	53726	5
122311	195435	290089	2
395099	982882	994872	3
660040	145296	166944	2
122311	430152	454176	3
316047	283399	290089	5
