fromId	keyId	targetId	timeout
376315	99520	102123	5
292738	584423	586117	2
195934	844306	851350	1
517644	941856	942126	1
517644	238566	238942	1
492068	935216	935606	13
195934	831019	833608	3
910106	95582	95908	0
376315	490885	492068	1
292738	5509	6426	3
492068	78657	81421	8
292738	319301	319466	0
292738	891463	892206	2
492068	976842	976853	1
910106	506862	507083	1
292738	899413	899487	2
292738	115474	116703	5
388790	1002761	1002967	8
292738	111990	112529	5
195934	480434	481797	0
334574	804023	804403	7
346588	732339	737744	4
689477	155198	155606	4
517644	379150	381101	2
334574	162814	163718	2
492068	417557	418391	6
292738	808136	810740	3
334574	107218	110457	0
388790	844975	851350	6
346588	163829	164730	0
244745	776285	776398	0
388790	726633	727116	0
492068	755961	762251	3
815460	621627	622093	4
244745	684484	689477	0
29965	909715	910106	3
29965	508510	510670	0
29965	413364	414608	6
785386	592402	596578	0
388790	812163	815460	3
376315	163416	163718	0
346588	323190	323492	1
334574	579209	581096	5
334574	711894	712247	8
689477	477001	477345	0
195934	329824	330701	0
517644	181904	182109	0
492527	601059	607909	1
689477	344103	346588	3
815460	378864	379105	0
689477	448430	448841	0
815460	160213	162563	2
517644	1036324	1039150	1
815460	252757	254520	2
195934	564434	571195	2
334574	624791	624980	4
815460	770014	771016	4
244745	271719	271850	0
334574	466923	467177	5
292738	298190	299782	0
517644	521947	523537	1
492068	679155	680935	4
244745	915126	915149	0
292738	439652	440160	0
334574	59059	60418	1
492068	730828	737744	6
346588	147233	149423	1
292738	281800	283843	4
689477	808790	810740	2
910106	450662	455336	2
244745	660966	662550	2
492527	580271	581096	0
689477	891235	892206	0
815460	641767	643586	1
376315	577007	578227	0
376315	384786	385773	0
292738	856317	856857	2
334574	808045	810740	8
29965	27890	28048	4
334574	996960	1000187	0
815460	662232	662550	1
785386	347511	349547	1
492068	842722	844119	0
244745	328435	329327	0
785386	832841	833608	6
492527	870065	872105	0
492527	593179	596578	0
244745	993582	994191	1
244745	662772	664483	2
29965	357816	359864	1
29965	578574	578665	2
517644	526227	526807	0
292738	280312	281657	4
195934	192839	193821	6
815460	888541	889666	0
815460	665706	667260	2
492527	875637	875647	2
388790	45531	45960	8
334574	914404	915149	1
388790	717189	719330	0
29965	611771	614437	6
195934	517215	517644	0
517644	889683	892206	1
195934	994110	994191	5
492068	194965	195934	3
346588	918791	920026	1
517644	850684	851350	3
29965	451018	455336	1
388790	681337	682121	0
815460	837148	838284	2
388790	95255	95908	12
29965	71416	73808	6
334574	442462	442735	3
292738	317525	319165	0
334574	939085	942126	7
292738	684255	689477	1
244745	544880	545171	0
292738	202230	202941	4
29965	394397	397329	0
244745	991768	991799	1
29965	209323	210869	0
195934	604902	607909	1
910106	779736	780277	4
376315	852377	852858	1
492068	675347	676138	4
195934	496392	497083	0
517644	668147	669267	0
376315	271818	271850	0
785386	551131	553941	0
244745	983236	984060	2
292738	982597	984060	4
785386	579747	581096	1
376315	1021878	1023379	1
195934	703616	706307	4
29965	797686	799194	4
376315	398830	399686	1
292738	650367	652401	1
376315	1042994	1044272	1
517644	32344	32521	0
29965	779814	780277	4
910106	725448	727116	2
689477	904239	905208	0
689477	174365	175354	0
195934	778150	780277	1
689477	653822	654597	4
388790	995225	995491	8
292738	157692	157920	6
334574	181747	182109	3
376315	888473	889666	1
517644	220754	221072	2
334574	119937	120046	0
376315	770893	771016	1
292738	574654	578227	1
910106	681321	682121	1
292738	281634	281657	3
815460	593118	596578	2
517644	1040142	1042530	2
910106	301787	304639	0
492068	271685	271850	4
492068	349233	349547	4
910106	375676	375967	1
29965	727568	727646	2
785386	445116	445869	0
785386	995791	996198	4
689477	423572	424541	6
388790	316125	316427	1
785386	527677	527965	0
517644	449910	450080	0
195934	233517	237647	0
388790	26920	27129	5
346588	771909	772294	3
29965	696962	700385	3
29965	442136	442735	0
388790	22043	23146	5
195934	459177	461652	0
785386	457766	458316	1
346588	967062	970485	1
689477	77581	81421	0
29965	357159	359864	1
376315	904712	905208	1
376315	294882	296126	2
376315	471900	472226	0
492068	691965	693182	5
334574	791516	791933	9
517644	998927	1000187	2
388790	680418	680935	0
517644	209787	210869	2
388790	168315	168361	1
492068	518561	519666	0
517644	559084	559477	0
195934	612982	614437	0
195934	345002	346588	1
334574	835968	838284	9
492527	767848	767879	0
292738	378028	378843	1
334574	323880	323986	4
785386	559842	561988	7
