fromId	keyId	targetId	timeout
413052	483634	483867	0
182412	245408	245695	0
182412	139472	140443	0
555320	615877	617117	0
255421	323893	323986	0
828258	780522	782147	1
45960	986152	986431	1
555320	20236	24233	2
182412	665949	666514	0
182412	886115	886471	0
658980	55304	55604	0
555320	129553	131196	1
443284	6814	7207	2
952167	448100	448841	0
476082	68413	68873	2
555320	674648	676143	1
952167	304464	304639	0
828258	1022073	1023379	4
481797	499163	499381	0
853058	853731	853903	0
300709	435095	435554	0
853058	326276	326335	0
408817	390565	391364	0
182412	535771	538118	0
255421	23185	24233	0
443284	59167	60418	0
481797	753755	754708	0
413052	160991	162563	0
255421	392854	394309	0
245695	522744	523537	0
658980	104118	104652	0
267979	74894	76091	1
533778	139135	139146	0
408817	452848	455336	0
267979	660044	662550	0
255421	23920	24233	0
267979	240171	241047	3
267886	295595	296126	0
267979	216007	216445	1
182412	1035535	1039150	1
300709	975909	976853	0
267886	766450	767879	0
476082	254682	255258	0
45960	82878	83034	0
853058	975011	976853	0
408817	738234	739081	1
658980	360962	363419	1
413052	164748	166042	0
408817	990958	991464	0
413052	418534	420469	0
267979	9961	10639	1
658980	507880	510670	1
238986	192134	192665	1
481797	321165	322260	2
45960	139327	140443	0
245695	1023065	1023379	1
182412	946904	947266	0
828258	13339	13480	1
408817	923951	924455	0
533778	701152	702175	0
408817	508360	510670	0
408817	649532	650149	0
238986	1040696	1040759	0
853058	996223	1000187	0
238986	453200	455336	0
300709	502616	503721	0
267979	303261	304639	0
45960	218665	221072	0
413052	657826	658390	1
952167	822277	823465	1
481797	298106	299782	2
267886	871744	872105	3
476082	288376	288828	0
255421	322818	322963	0
443284	205775	207609	0
443284	610542	611271	0
443284	934683	935606	0
555320	915315	917216	0
300709	484432	484818	0
828258	224575	225618	2
182412	479610	479954	0
828258	594398	596578	3
443284	835329	835390	0
658980	170074	170646	0
255421	113292	113664	0
828258	989302	989899	3
255421	90830	92257	1
267886	63028	63452	0
300709	245884	247089	0
255421	164933	166042	0
45960	907337	908372	3
267979	208767	209004	1
255421	520719	521198	1
481797	628075	629887	4
245695	925316	926567	0
182412	34240	34514	3
658980	119409	119730	0
413052	281871	282024	0
267979	935392	935606	2
952167	579020	581096	0
245695	425240	425631	0
267886	107407	110457	0
952167	767537	767879	0
300709	1025148	1025369	0
555320	517515	519666	1
245695	945279	946150	0
533778	439417	440160	0
45960	786798	786989	1
245695	148622	149423	1
476082	605915	607571	0
408817	984929	985974	0
238986	299182	299782	0
853058	808268	810428	0
300709	637526	638842	0
533778	609877	609989	0
255421	300079	300709	0
45960	48602	50882	0
476082	366839	366918	0
300709	177929	179957	0
300709	381786	383205	0
267886	958227	958293	0
476082	660541	662550	0
267886	485519	487557	0
267886	723374	723648	0
533778	714088	715133	0
413052	903846	905208	2
555320	351241	352020	0
182412	1019985	1020133	0
182412	553268	553941	1
267979	250948	252008	3
828258	940956	942126	0
952167	181868	182412	1
300709	507660	507747	0
267979	208969	209004	1
658980	976310	976853	0
267886	68757	68873	0
408817	175629	176813	0
555320	79957	81421	0
238986	333084	334574	0
267979	150192	152478	1
658980	434186	435554	0
182412	650542	652401	0
658980	196787	197477	0
245695	141523	142046	1
255421	253477	254307	1
476082	283824	283843	0
533778	587165	587390	1
481797	670778	671293	2
658980	85590	87060	0
853058	172088	172509	0
267979	666713	667499	1
255421	907621	908372	1
238986	148937	149423	0
408817	618853	622093	0
408817	1002920	1002967	0
255421	406695	407397	0
300709	465477	466721	0
182412	573728	578227	1
413052	121571	123198	1
238986	369394	370171	1
255421	939137	942126	0
476082	670481	670763	0
245695	167587	168114	1
267886	732386	732869	0
182412	443875	445869	1
255421	25897	27129	0
267979	603300	607571	0
555320	694805	694821	0
300709	859559	860219	2
828258	1000939	1001727	4
300709	51859	53455	0
658980	606957	607571	0
182412	322577	322963	0
952167	406306	406544	0
476082	835378	835390	3
182412	908022	908372	0
952167	749283	750208	1
182412	266362	266680	0
45960	788757	788853	1
238986	461893	464043	0
952167	371506	371634	0
533778	573735	578227	2
182412	814303	815460	0
443284	536700	538118	0
238986	544827	545298	1
443284	1005798	1009650	0
45960	53677	54609	0
853058	626053	627076	0
481797	362687	363419	3
182412	524385	525184	0
267886	638181	638842	0
238986	311961	312091	0
481797	96307	96511	0
182412	214006	215323	1
658980	326583	327710	0
443284	891571	892206	0
476082	947775	949586	1
