fromId	keyId	targetId	timeout
749409	380085	381101	1
749409	1026424	1030193	3
559477	210490	210869	2
3790	58524	58730	0
341916	816202	816250	25
359864	345650	345676	14
3790	642734	643586	16
896184	969519	973996	5
341916	774818	778081	21
1026318	131436	132507	4
341916	151279	152478	2
654959	533501	533778	7
559477	181706	182521	5
654959	712466	713589	4
50882	473413	474019	1
359864	558441	559477	4
671525	93321	94902	11
559477	599855	607571	1
559477	294748	296126	4
671525	954411	954834	19
1026318	677304	679061	5
50882	530903	531849	1
90093	209842	210869	3
671525	277216	277634	3
50882	161540	162563	5
3790	131616	132507	7
379105	1019960	1020859	1
3790	584580	584836	13
749409	726608	727646	4
654959	199061	199265	9
90093	287788	290401	6
3790	790285	790320	16
341916	1021282	1023379	3
896184	246136	248234	1
1026318	487695	492068	3
50882	408965	409102	5
379105	568767	570375	2
50882	966007	966144	35
896184	978045	979430	3
173024	482265	492068	7
173024	965268	966144	24
749409	815214	815460	1
173024	885995	892206	5
90093	671933	672032	8
90093	189267	193821	5
896184	143393	149423	5
559477	105585	106939	1
896184	505280	505997	3
749409	916244	917216	7
379105	274073	274989	8
50882	782160	785342	1
749409	332944	338304	4
90093	788933	790320	5
173024	60817	61121	1
896184	22999	23146	5
559477	712491	713589	3
50882	657787	657790	9
50882	73105	76091	3
1026318	3862	3978	2
90093	33260	34514	8
50882	1042278	1042530	1
559477	771866	772294	11
1026318	260304	260422	1
3790	887833	892206	13
896184	568624	570375	3
1026318	548551	553941	13
671525	975220	976853	3
1026318	70509	76091	13
173024	482097	492068	7
749409	635941	636019	2
173024	850334	851350	0
341916	591577	598015	8
3790	93821	94902	3
559477	766676	767879	9
3790	422834	424541	9
50882	174460	175354	5
359864	89691	90093	4
896184	127153	131196	3
671525	922439	924989	3
359864	412293	413052	2
341916	455043	455336	0
359864	787876	790320	19
173024	179403	182521	5
90093	187975	193821	5
1026318	179392	182521	5
1026318	483063	492068	6
559477	6012	7207	9
379105	291733	292738	8
341916	996260	1002967	3
379105	496310	498420	3
1026318	276368	277634	1
671525	732978	739081	4
90093	160764	162563	4
3790	473197	473237	10
1026318	902465	905208	1
341916	590100	591324	7
341916	85581	90093	12
90093	467967	470575	11
896184	599675	607571	1
671525	58952	61121	10
90093	275677	277634	4
749409	463480	465452	6
50882	716275	719558	2
379105	388812	391364	2
654959	123956	125371	4
90093	819300	821616	1
671525	78707	81597	10
341916	485237	492068	1
1026318	494241	495042	3
896184	90808	91946	8
896184	986349	991799	6
379105	375178	375301	10
379105	266557	266680	10
654959	866030	866689	0
671525	420701	420795	0
3790	260235	260422	3
379105	672920	673538	2
896184	186772	193821	3
896184	239090	242213	7
654959	934242	936425	3
749409	523098	523537	1
1026318	58841	61121	7
749409	539634	553941	30
749409	681511	682424	4
50882	832194	832532	4
173024	308869	308939	5
359864	609995	610027	4
379105	707403	707559	1
50882	137220	137461	4
379105	330324	332157	16
654959	635629	636019	4
559477	1038811	1040759	9
379105	36141	38145	2
896184	132251	132507	2
341916	846528	851350	27
671525	190738	193821	5
341916	783681	785342	17
671525	460021	465452	2
559477	313707	314036	0
559477	67052	67678	4
359864	24114	24233	2
749409	632802	633398	2
173024	418587	420469	3
90093	992450	995910	7
896184	231090	231248	5
341916	715787	715899	4
90093	380323	381101	9
3790	919186	919539	10
559477	924771	924989	4
749409	512851	513972	2
896184	913922	914893	0
654959	297385	297772	0
671525	801334	802003	4
359864	1026646	1030193	5
671525	815063	815460	0
749409	580705	583792	4
341916	1006387	1009650	4
359864	454217	455336	5
1026318	427868	431308	4
173024	45755	48391	4
341916	826859	828435	27
359864	843045	851350	26
749409	93787	94902	8
749409	273585	274989	0
379105	908975	910106	1
559477	16489	16911	9
90093	473660	474019	11
379105	178982	182521	13
379105	212490	213739	10
896184	78260	81597	9
50882	147440	149423	4
379105	318128	319165	14
359864	346928	349547	16
379105	507634	507747	2
654959	351623	353698	5
359864	919605	920026	9
3790	98681	99099	2
359864	20948	23146	3
671525	883369	892206	6
654959	249197	249946	5
341916	412286	413052	0
1026318	250846	255421	6
671525	673351	673538	1
749409	978117	979430	4
3790	599658	607571	14
896184	180821	182521	3
671525	217125	221165	11
896184	746343	749409	7
379105	613819	614437	3
90093	924027	924989	4
671525	892506	896184	7
90093	265533	266680	4
671525	946043	946150	5
359864	163392	163718	2
3790	527127	528802	16
749409	88880	90093	7
90093	653355	654959	3
