fromId	keyId	targetId	timeout
201347	677007	679061	14
281657	407236	408160	9
376922	302205	306706	12
281657	387334	388598	4
376922	623452	624773	4
93002	354968	359864	2
244616	257576	258030	3
376922	73936	76091	11
201347	376036	376922	17
244616	564132	570375	8
376922	1041103	1042530	1
376922	828334	828435	0
281657	179044	182521	8
244616	611616	614437	3
58730	475349	475598	0
93002	963097	966144	28
713589	355102	359864	17
201347	34975	35893	8
244616	107933	110457	9
93002	393920	401960	7
201347	371973	372033	16
936440	586101	589154	4
914893	809973	810848	4
93002	620180	624773	10
376922	354005	354873	8
936440	383773	385773	22
828435	974086	976853	20
914893	702691	703408	3
713589	863735	865765	3
914893	696090	696859	3
58730	904312	905208	7
936440	99256	101892	16
244616	670012	670082	8
201347	917779	919539	5
936440	631436	633398	6
376922	201691	204141	11
281657	836425	838284	3
376922	657807	658390	2
281657	5584	7207	7
201347	237123	237647	6
828435	458439	465452	4
936440	497884	498420	3
713589	1023272	1023379	0
914893	947280	950468	18
244616	877502	877936	2
281657	444704	445869	2
914893	274898	274989	0
936440	846274	851350	3
281657	990708	991799	7
93002	654301	654959	7
914893	602829	607571	0
93002	666705	667260	4
936440	317566	319165	22
936440	518630	519666	1
936440	352155	353698	26
244616	299760	299782	0
244616	126794	131196	2
713589	876708	877936	5
936440	729473	730571	0
244616	60262	61121	2
936440	424608	426107	1
713589	68755	68873	9
58730	598142	598177	0
376922	947611	950468	20
93002	879242	892206	23
914893	124682	125371	4
376922	352662	353698	9
376922	20931	23146	2
914893	511109	512353	0
376922	1003113	1005439	4
244616	873651	874911	3
376922	747108	749409	4
936440	511159	512353	3
914893	430078	431308	0
376922	786834	790320	8
376922	957604	958776	3
914893	364705	365538	3
936440	204339	207609	16
244616	884173	892206	8
281657	578769	583792	4
244616	597079	598015	0
58730	415559	418391	19
281657	526234	528802	5
244616	270440	271850	3
201347	761840	762251	11
93002	837611	838284	3
376922	774188	774308	2
914893	489910	492068	0
244616	523337	523537	0
936440	949722	950468	3
201347	140320	140443	9
201347	43265	48391	7
376922	336515	338304	20
376922	1042729	1043581	1
201347	517723	519666	9
281657	245218	245695	6
713589	692977	694184	7
93002	501270	502601	2
936440	676149	676976	0
376922	183692	185445	9
281657	54443	54609	6
201347	81792	83034	16
58730	578067	578227	5
713589	151548	152478	9
244616	751551	751979	1
201347	253675	255421	8
936440	258393	258798	21
376922	333854	338304	21
914893	889424	892206	8
914893	726827	727646	2
828435	243496	244247	12
281657	821502	821616	2
936440	664763	665442	11
376922	153923	155559	11
936440	526298	528802	5
376922	876232	877936	1
281657	814304	815460	2
828435	72224	76091	9
244616	545798	553941	16
936440	418571	420469	0
828435	1857	3041	5
914893	409668	410762	0
376922	291570	292738	8
58730	203976	204141	7
828435	221417	221871	4
244616	959596	966144	7
828435	938864	944455	20
828435	86311	90093	2
201347	1018239	1020859	14
281657	209134	210869	4
58730	662112	662550	3
244616	152173	152478	1
828435	228773	230416	10
58730	828451	832532	1
58730	429820	431308	16
376922	807961	810848	2
201347	362757	365538	22
936440	1041257	1042530	5
244616	955117	958776	5
713589	44736	48391	6
93002	774218	774308	3
713589	264445	264473	10
93002	607250	607571	4
201347	530440	531849	11
93002	280885	281657	1
914893	315015	315367	1
201347	553267	553941	17
93002	493824	495042	2
201347	458106	458316	6
936440	841059	851350	3
828435	109562	110457	0
93002	86182	90093	10
58730	548459	553941	16
93002	667296	667499	4
93002	380016	381101	2
244616	21963	23146	1
244616	88576	90093	8
244616	582975	583792	0
58730	530706	531849	5
828435	868352	872105	3
93002	871002	872105	4
281657	28418	31961	7
281657	127134	131196	14
281657	827939	828435	4
93002	407708	408160	3
93002	17736	23146	9
914893	418124	418391	0
281657	849867	851350	4
93002	798827	799194	3
93002	751888	751979	2
828435	217486	221165	7
713589	146256	149423	9
281657	999407	1002967	12
201347	419258	420469	8
93002	175932	176813	0
828435	1017043	1020859	8
201347	102285	106939	22
376922	194979	197817	11
828435	337531	338304	6
93002	848370	851350	4
201347	44072	48391	7
828435	934857	936425	21
828435	978028	979430	20
201347	989757	991799	11
936440	902187	905208	2
936440	400202	401960	21
936440	274868	274989	19
828435	270568	271850	15
201347	905740	907033	5
281657	356319	359864	3
58730	478797	480277	4
58730	852998	853903	4
93002	932620	933667	5
281657	502220	502601	3
936440	971661	973996	0
936440	74518	76091	11
713589	989543	991799	2
