fromId	keyId	targetId	timeout
926831	896827	899487	6
739081	323278	332157	28
750208	69370	70085	3
750208	268079	268770	8
457146	97174	99099	15
437421	1003013	1005439	7
912394	618169	624773	5
640199	575705	578227	2
31961	756975	762251	20
437421	278846	281657	5
457146	908333	908372	6
457146	689811	691286	3
7207	759394	762251	3
640199	891396	892206	0
750208	450427	451797	13
739081	589683	591324	7
739081	627745	630770	11
437421	182382	182521	2
750208	506835	507083	1
640199	218381	221165	11
457146	891804	892206	7
445869	320688	322260	14
9550	83905	90093	4
445869	993600	995910	3
457146	2930	3041	5
912394	98953	99099	4
31961	836769	838284	28
9550	289259	290401	0
31961	420957	422017	5
912394	408037	408160	5
437421	855277	856857	0
866689	735322	739081	7
445869	871727	872105	9
926831	836863	838284	2
866689	448079	448841	0
445869	660712	662550	7
640199	553611	553941	4
912394	456003	457146	2
739081	873836	874911	1
640199	846638	851350	1
926831	223065	225378	2
750208	796061	796204	1
750208	308594	308939	12
912394	440473	441627	2
437421	732625	739081	6
9550	669441	670082	0
445869	1021287	1023379	1
9550	395572	401960	10
739081	714906	715133	6
445869	101324	101892	4
445869	740133	742311	2
912394	1047302	3041	2
9550	683943	691286	5
912394	132153	132507	10
912394	314956	315367	4
640199	48371	48391	2
866689	720231	722433	4
9550	354798	354873	0
640199	632651	633398	5
457146	221670	221871	3
750208	68867	68873	3
7207	176771	176813	11
437421	361542	365538	5
445869	807538	810848	6
9550	97184	99099	0
750208	444233	445869	13
739081	958951	966144	8
926831	633745	634784	2
750208	15894	16911	6
750208	259791	260422	9
866689	826422	828435	5
7207	430863	431308	0
912394	469738	470575	2
739081	834613	835390	4
31961	972976	973996	3
640199	247652	248234	10
750208	698192	700300	5
926831	642920	643586	3
739081	922692	924989	3
31961	117935	120046	6
926831	913476	914893	5
926831	362995	365538	1
912394	825014	825407	2
9550	181085	182521	5
750208	671834	672032	1
9550	896715	899487	11
640199	666798	667260	4
739081	782004	782147	0
926831	579915	583792	4
912394	40294	40539	0
640199	470936	472812	2
926831	852353	852858	2
9550	996300	1002967	8
437421	552199	553941	5
437421	875954	877936	1
31961	590305	591324	6
437421	333266	338304	13
912394	764003	765652	8
750208	117450	117730	10
445869	144950	149423	12
457146	198648	199265	4
445869	104877	106939	5
445869	713221	713589	1
9550	675755	676138	0
750208	292044	292738	9
912394	1041198	1042530	1
750208	44	3041	5
739081	452583	455336	6
7207	10755	16911	3
9550	309681	310069	5
7207	456125	457146	1
739081	269812	271850	16
437421	869742	872105	1
7207	656402	657225	2
9550	915393	917216	8
926831	801546	802003	2
640199	744249	744681	9
640199	488990	492068	1
9550	655970	657225	4
866689	14046	16911	3
9550	640057	640199	0
445869	470699	472812	1
750208	855809	856857	0
9550	119794	120046	0
926831	693027	694184	5
7207	976461	976853	10
9550	764045	765652	3
437421	473404	474019	0
926831	589373	589565	3
640199	796688	798431	2
9550	991878	992036	5
640199	523368	523537	1
7207	769058	771016	1
739081	313895	314036	19
926831	125910	131196	5
437421	683063	691286	8
750208	117786	117898	10
739081	879823	892206	10
912394	928711	928731	0
445869	909177	910106	14
866689	899761	905208	0
31961	700144	700300	9
912394	774385	778081	12
926831	212324	213739	2
739081	527379	528802	9
640199	982039	983382	0
866689	174516	175354	3
445869	705142	707032	13
437421	40396	40539	3
445869	226831	227022	8
926831	918850	919539	3
437421	264987	266680	12
739081	193360	193821	14
445869	365661	367336	9
437421	26121	27453	4
750208	444766	445869	13
912394	797750	798431	2
640199	946553	947266	3
866689	242942	244247	7
912394	454276	455336	3
7207	619982	624773	2
7207	933117	933667	9
750208	523010	523537	1
640199	809357	810848	2
640199	683047	691286	9
31961	343120	345676	8
926831	796559	798431	7
912394	400309	401960	2
9550	178490	182521	7
457146	116804	117075	1
750208	250441	255421	16
437421	74676	76091	7
7207	149796	149971	9
7207	506792	507083	0
926831	366360	367336	1
926831	397954	401960	8
457146	128920	131196	4
926831	1013748	1016214	1
739081	446652	448841	9
866689	487375	492068	1
912394	499352	502601	3
7207	22037	23146	0
31961	504910	505997	4
31961	389633	391364	5
7207	154676	155559	9
866689	733304	739081	7
31961	277918	281657	19
9550	157264	157920	5
437421	965784	966144	25
457146	123294	125371	3
750208	193063	193821	8
9550	925094	926831	5
437421	572082	578227	1
926831	765127	765652	5
866689	263687	264473	6
750208	557628	557799	5
31961	932855	933667	9
