fromId	keyId	targetId	timeout
917216	1046593	1048453	4
290523	473089	474019	2
917216	32452	32521	1
917216	459943	461652	0
269522	923300	923615	1
231678	318143	319165	4
269522	865023	865765	5
366918	84177	85128	0
936425	976806	976853	1
653103	1020216	1020859	4
290523	920603	920607	0
1002268	765160	765652	1
132632	271961	273352	3
149423	622502	624980	1
231678	336735	338304	2
897487	587495	589565	1
132632	475287	476042	1
366918	1680	3041	1
366918	265262	265451	1
132632	1028606	1029343	1
936425	758402	762251	8
653103	321621	323492	6
917216	647309	647753	2
897487	281217	281657	0
917216	800774	802003	1
366918	452973	455336	2
897487	544261	545171	0
149423	39888	40539	0
1002268	821031	821616	4
277634	310791	312091	0
1002268	414719	415924	4
269522	400857	402288	3
406544	123902	125214	0
149423	534901	535002	1
269522	58340	58730	1
290523	289197	290401	1
231678	936316	936425	2
1002268	270497	271014	1
897487	787002	787094	0
1002268	992120	994191	7
231678	605868	607909	1
269522	637197	638842	5
897487	1031893	1032148	0
366918	448936	450080	5
878094	269817	271014	1
653103	366357	366918	3
653103	331263	332157	2
277634	321780	323492	2
290523	654759	654959	0
132632	302563	304639	5
366918	324418	326335	2
231678	916499	917216	3
1002268	244039	244119	0
406544	808508	810740	1
319165	289180	290401	4
319165	685127	689477	0
917216	709460	712247	4
917216	467918	470575	0
231678	589879	590546	0
366918	296416	299782	1
878094	1013807	1018364	3
277634	621777	622093	0
269522	780178	780277	8
277634	56750	58031	6
269522	694356	695538	6
917216	270940	271014	1
149423	216959	218544	1
290523	496727	497083	1
878094	326225	326335	1
878094	249994	252008	1
897487	346423	346588	1
231678	675788	676138	0
132632	991717	991799	1
406544	494947	495042	0
231678	843991	844119	4
897487	892319	893659	1
132632	391097	394309	3
132632	276334	277634	3
1002268	40751	40759	3
132632	480920	481797	0
406544	933461	934390	1
878094	339619	339686	1
936425	940558	942126	0
1002268	590471	590546	0
897487	453786	455336	0
406544	278922	280260	1
269522	177559	177600	0
269522	163582	163718	0
149423	446219	446573	0
917216	1024212	1025369	4
277634	999284	1000187	2
269522	470522	470575	2
897487	396358	397329	1
277634	876899	876946	0
936425	55263	58031	8
132632	9805	13330	2
653103	583792	583792	2
406544	79399	81421	4
936425	403544	404091	5
653103	989293	989899	3
897487	816568	816935	0
366918	154379	155606	4
269522	130427	132507	7
936425	401627	402288	5
936425	1036004	1039150	2
936425	725311	727116	2
149423	902323	905208	2
917216	1002946	1002967	3
897487	96602	96936	0
936425	456749	457146	0
132632	557202	557799	8
878094	386437	387499	1
653103	832217	833608	7
319165	374110	374625	5
269522	446021	446573	2
897487	49177	50882	0
290523	451340	455336	1
132632	243651	244119	1
366918	489013	492068	3
917216	310540	312091	1
406544	361281	365538	4
319165	1011906	1012464	0
269522	908289	908372	1
269522	429074	429707	3
366918	606241	607909	4
277634	82225	83034	5
917216	158172	158919	5
290523	180064	180469	0
132632	17648	23146	2
878094	692351	693182	1
269522	1024977	1025369	2
132632	296004	296126	6
149423	890460	892206	3
149423	716877	719330	2
366918	859351	859840	7
277634	837324	838284	0
269522	41769	45960	1
366918	148293	149423	3
319165	79182	81421	1
653103	535409	538118	1
149423	947500	947682	0
149423	129144	132507	5
878094	1018896	1020133	1
231678	831479	833608	7
277634	149933	149971	2
319165	1040779	1042530	0
366918	789197	790293	6
917216	964318	966144	1
319165	491332	492068	3
653103	726225	727116	0
231678	1018663	1020133	3
406544	883236	885022	0
366918	420681	420795	0
269522	96342	96511	3
897487	416631	417194	2
290523	604245	607909	1
936425	885397	885717	3
917216	274968	274989	1
878094	101112	102123	3
917216	755654	762251	10
277634	936621	937245	1
132632	692680	693182	3
406544	735720	737744	0
878094	244502	244745	2
149423	110619	111713	1
149423	1028694	1029343	0
231678	799451	802003	4
132632	781412	782147	3
269522	292367	292738	0
231678	229811	230416	6
406544	754030	754708	0
132632	879915	880778	7
231678	580306	581096	0
149423	1035824	1039150	0
653103	314490	315068	3
897487	722303	722433	0
917216	732726	737744	6
406544	361450	365538	4
917216	750068	750208	6
149423	795363	796204	4
269522	844475	851350	1
132632	337754	338304	1
653103	754886	762251	3
406544	526106	526807	1
406544	133582	133668	1
319165	757028	762251	5
149423	451365	455336	1
290523	159587	162563	2
936425	9754	13330	3
149423	988569	989899	0
878094	92774	94002	3
406544	806614	807477	1
366918	17049	23146	1
653103	187866	193821	9
277634	393359	394309	1
366918	502956	503721	0
653103	823770	827146	11
