fromId	keyId	targetId	timeout
1044951	793245	794879	4
271014	7541	9550	5
1024057	813607	815460	1
120046	844545	851350	1
1024057	304379	304639	0
680935	825343	827146	4
838284	383691	383969	2
838284	664713	664877	0
1023379	326389	326466	2
1000187	590231	590546	0
838284	809039	810740	2
700385	775147	776080	1
807477	486037	492068	1
546016	568239	571195	1
120046	189927	193821	3
743657	933561	934390	5
271014	126307	128401	7
680935	883498	885022	0
700385	195838	195934	0
271014	349848	352613	2
120046	543548	545171	5
1044951	408869	409102	1
680935	459215	461652	0
1023379	329456	330701	2
680935	402002	402288	2
807477	562172	562262	0
838284	703641	706307	1
700385	900593	905208	2
1023379	335512	338304	3
268996	359436	359864	0
786989	83732	83976	0
120046	933794	934390	0
268996	959174	960789	3
1023379	405992	406102	2
268996	361002	365538	5
786989	361708	365538	1
700385	16259	23146	8
1000187	1017275	1018364	0
680935	443706	444077	0
927250	197168	197477	0
743657	148194	149423	0
546016	908558	908793	2
700385	789519	790293	1
743657	235472	237647	0
546016	43536	45960	0
700385	1020550	1020859	3
268996	835523	838284	2
743657	16223	23146	3
1023379	909419	910106	4
546016	967492	970485	3
1024057	303946	304639	0
786989	508236	510670	0
786989	1032930	1039150	3
680935	560518	561988	0
1000187	1013520	1018364	3
680935	284389	285614	1
1044951	772226	772294	0
838284	791914	791933	1
271014	252474	254520	9
1023379	136126	137461	1
838284	846709	851350	1
268996	559978	561988	5
807477	530415	532626	5
700385	676528	676976	0
546016	777400	778081	3
546016	701677	702175	1
700385	584756	586117	1
927250	800839	802003	3
680935	896819	897487	0
1000187	443083	443284	0
268996	648889	650149	8
1023379	339701	340970	0
743657	654896	654959	0
807477	511705	512353	0
743657	568219	571195	1
700385	979964	984060	5
1044951	647498	647753	1
120046	497820	498420	0
120046	311780	312091	1
1024057	943448	944266	0
786989	397818	399686	1
807477	618845	622093	0
546016	639154	640199	0
1023379	253464	254520	1
268996	864380	865765	5
680935	554058	555642	1
271014	761494	762251	4
680935	555371	555642	0
546016	947530	947682	2
743657	765249	765652	0
268996	291037	292738	1
1000187	940788	942126	0
700385	558223	559477	2
271014	985154	989899	13
927250	535987	538118	0
1044951	1027514	1028002	9
743657	314642	315068	0
743657	419315	420469	0
546016	906365	908372	3
1023379	501739	502601	0
271014	163037	163718	8
1044951	527659	527965	0
1024057	173967	175354	2
1023379	698021	700385	3
838284	415826	415924	3
786989	814791	815460	0
271014	840717	844119	2
546016	362569	365538	11
120046	971167	976853	1
268996	801086	802003	0
268996	866215	868630	6
680935	397152	397329	2
268996	197391	197477	0
680935	822072	823465	0
700385	127057	128401	3
786989	915760	917216	0
680935	643763	643898	0
743657	901382	905208	2
1024057	541975	542285	0
1023379	1037672	1039150	0
1024057	878059	878094	2
268996	29030	29965	0
1000187	374901	375967	3
680935	363224	365538	1
268996	519897	520011	3
927250	181507	181588	0
680935	1003272	1009650	3
1044951	727431	727646	0
680935	644852	646173	0
1023379	44988	45960	0
1044951	458166	458316	2
680935	761261	762251	1
838284	7199	7207	1
680935	348882	349547	0
268996	407441	408160	3
743657	120477	123198	0
807477	110957	111713	2
743657	632549	633398	0
680935	613411	614437	1
807477	549972	549972	0
786989	181783	182109	3
1000187	742959	743096	0
268996	1023665	1024057	2
546016	855494	856857	2
786989	378876	379105	2
680935	197759	197817	4
927250	176136	176813	0
927250	544469	545171	0
786989	533279	533778	1
838284	216718	216883	7
700385	542882	545171	1
680935	244110	244119	0
838284	465172	467177	2
1000187	252980	254520	1
807477	757269	762251	4
1024057	525017	525184	0
268996	207922	208458	0
1023379	818170	820284	5
1044951	398388	399686	2
786989	538204	538508	0
743657	659057	659298	1
743657	133316	133668	0
743657	629548	630942	2
271014	1039934	1042530	6
271014	62948	63567	7
1024057	326320	326335	2
838284	573275	578227	0
927250	249730	249946	0
743657	298723	299782	0
271014	875231	875647	2
271014	996960	1000187	5
271014	370322	371634	2
786989	242036	242213	1
271014	315511	316427	0
1000187	223339	225378	0
838284	1005642	1009650	2
1000187	657460	657790	1
271014	574074	578227	2
786989	448554	448841	0
1044951	131847	132507	1
1023379	344977	346588	1
807477	703251	703408	2
680935	140985	142046	2
271014	511620	512353	0
807477	804468	804532	1
838284	828513	830743	2
838284	381696	383205	2
1044951	945291	946242	6
927250	893092	893659	3
546016	813831	815460	2
680935	778123	780277	2
1024057	884245	885022	2
1024057	543893	545171	0
546016	522371	523537	8
120046	200695	201347	0
743657	682905	683826	0
271014	624590	624980	7
