fromId	keyId	targetId	timeout
525184	918742	919539	2
81421	678232	679061	1
976853	38262	39534	0
308939	425023	425631	0
499381	271164	271850	2
825642	178514	179957	0
825642	1010574	1012464	0
659296	402149	402288	0
673373	301261	304639	0
976853	630096	630770	0
499381	139102	139146	0
81421	812589	815460	2
757484	46299	48391	0
525184	367726	367995	1
625555	587706	589154	1
932103	235725	237647	2
101928	884309	885022	0
825642	121836	123198	0
222975	26212	27129	1
241047	692590	693176	0
976853	1025546	1026318	0
81421	698745	700300	0
241047	989868	989899	0
625555	133598	133668	0
101928	838689	839000	1
659296	441487	441627	0
673373	160327	160878	0
222975	86728	87060	2
534025	569025	571195	1
308939	644264	646173	0
534025	495688	498420	1
825642	821669	823465	2
976853	384964	385773	0
101928	78968	81421	0
659296	193002	193465	0
659296	258622	258968	2
757484	5724	6426	0
101928	1007717	1009650	0
669267	471080	472226	0
976853	210639	210869	0
241047	358954	359864	0
81421	190041	191401	0
534025	129033	131196	0
142276	147248	149423	0
499381	327295	327710	0
81421	535091	538118	0
825642	682519	683826	2
241047	122704	123198	0
976853	115702	117075	1
757484	828696	830743	0
101928	80947	81421	0
825642	256526	256585	0
142276	882595	883083	2
308939	782808	785342	1
757484	315402	316427	0
525184	88963	89563	3
525184	233416	237647	3
932103	618242	622093	0
81421	872555	873236	0
976853	457966	458000	0
222975	459590	461652	1
825642	360894	363419	1
499381	462144	464043	0
673373	456330	458000	2
222975	275628	277634	0
932103	852371	852858	0
101928	13137	13330	0
499381	391852	394309	0
525184	82728	83034	3
757484	862409	862978	0
308939	465139	465452	1
525184	839626	839684	1
757484	1034412	1039150	1
81421	987122	989899	0
976853	298505	299782	0
534025	21547	24233	1
932103	408400	408499	0
757484	606827	607571	1
659296	443778	445869	1
534025	365857	366918	0
932103	254592	255258	1
81421	316088	316427	0
222975	600356	607571	0
659296	355463	356213	0
241047	366089	366918	0
81421	816068	816250	2
499381	862025	862978	0
534025	487216	487557	0
81421	418599	420469	0
669267	55852	57763	0
976853	286085	287175	0
673373	552067	553941	2
625555	1044503	1044951	0
976853	541682	542285	0
669267	622714	624773	0
757484	697502	700300	0
525184	223073	225618	3
308939	937258	937784	1
308939	635495	636019	0
222975	505261	505515	0
932103	512987	513972	0
673373	620084	622093	1
932103	260973	261410	1
932103	1027207	1028002	1
142276	563220	563267	0
101928	258345	258968	1
659296	704521	706307	0
534025	626896	627076	0
625555	2169	3790	1
534025	444750	445869	0
932103	53974	54609	0
81421	707733	711452	0
142276	197952	198450	0
142276	145693	149423	0
222975	450955	451797	1
142276	743036	743096	2
222975	812932	815460	2
308939	338729	339686	0
241047	721448	722433	0
142276	154755	155559	0
673373	249230	249946	1
499381	160881	162563	0
976853	536436	538118	0
625555	684349	689477	2
625555	128496	131196	0
499381	980791	984060	3
308939	798499	799194	0
932103	341284	341916	0
142276	537850	538118	0
625555	358402	359864	0
101928	483528	483867	0
625555	816492	816935	0
525184	62878	63452	4
625555	82602	83034	0
308939	808761	810428	0
101928	1007546	1009650	0
669267	456126	458000	2
757484	4463	4563	0
669267	559817	559848	0
932103	544013	545298	1
308939	1039234	1040759	0
101928	721225	722433	0
976853	832726	832999	0
222975	461613	461652	1
757484	664625	664877	0
222975	311363	312091	0
976853	337036	337304	0
673373	110128	110457	1
757484	266242	266680	0
534025	893953	894583	0
625555	790470	791269	0
673373	1043264	1043581	1
101928	119892	120046	0
825642	555156	555320	0
222975	19683	24233	3
673373	29562	31961	6
241047	78310	81421	0
499381	552531	553941	0
499381	35577	35893	0
525184	157472	157920	2
241047	301552	304639	0
308939	551749	553941	1
932103	664498	664877	0
142276	417136	417194	0
932103	99012	99099	0
81421	949230	949586	0
669267	311586	312091	0
142276	207980	208458	0
625555	160394	160878	0
534025	1012487	1013078	2
499381	719961	720042	0
976853	1009856	1012464	0
101928	8908	9550	0
659296	78521	81421	0
499381	139516	140443	0
525184	65272	67471	4
673373	400828	401960	0
308939	772342	774028	0
525184	85381	87060	3
825642	833108	833134	0
669267	837632	838284	0
673373	63321	63452	3
525184	723676	724387	0
659296	171601	171644	0
534025	1007003	1009650	2
669267	257949	258030	0
241047	10012	10639	0
669267	20666	24233	2
101928	195102	195934	0
825642	1039602	1040759	0
142276	633357	633398	0
308939	572801	578227	0
625555	136877	138649	1
81421	15263	16911	3
241047	314855	315068	0
222975	138058	138649	1
241047	998489	1000187	2
