fromId	keyId	targetId	timeout
273352	974382	976853	3
483867	556027	556214	0
648336	134179	135423	1
648336	756695	762251	4
95908	641869	643586	0
648336	143926	145254	0
58031	706855	707032	0
713286	644397	646173	1
915149	979817	984060	2
314036	915820	917216	0
216445	326639	327710	1
216445	534781	535002	1
73808	855140	856857	2
713286	600160	607909	2
713286	904245	905208	2
73808	366934	367336	3
118039	733973	737744	3
852003	1013511	1018364	7
483867	814792	815460	0
58031	815251	815460	1
915149	566442	571195	3
545298	527909	527965	3
118039	153999	155606	1
95908	888479	889666	0
118039	1027476	1028002	1
483867	998638	1000187	6
273352	353196	353698	0
483867	458703	461652	1
695538	211909	212676	3
648336	687912	689477	0
58031	903424	905208	2
314036	168192	168232	2
545298	118984	119730	3
695538	255115	255351	3
58031	266574	267886	2
713286	866810	868630	2
216445	127976	128401	3
273352	982604	984060	6
545298	433839	437421	2
545298	456078	457146	1
118039	238568	238942	1
58031	515850	516056	2
648336	261851	261950	0
118039	652795	653103	0
118039	199684	201347	8
216445	524273	525184	0
95908	94628	95908	7
483867	5550	6426	0
852003	489005	492068	0
545298	758799	762251	2
95908	630927	630942	0
483867	632869	633398	0
648336	955522	957165	0
314036	767168	767879	3
118039	331092	332157	0
545298	14454	15228	0
648336	340179	340970	1
695538	438219	439346	2
118039	376127	376315	0
695538	1044493	1044951	0
58031	951693	952167	5
95908	605350	607909	3
58031	279202	280260	2
545298	638754	638842	1
314036	355637	356213	2
95908	1003185	1009650	4
713286	314201	315068	4
314036	886908	889666	0
695538	439849	440160	1
95908	699698	700385	1
852003	339162	339686	0
483867	908743	908793	1
58031	528099	528294	2
695538	868933	869327	0
314036	725153	727116	4
713286	757982	762251	2
273352	524051	525184	2
545298	699894	700385	3
314036	384488	385773	2
695538	713311	716312	3
216445	144306	145254	5
695538	3834	3908	2
852003	525384	526807	0
314036	190425	193821	6
273352	696631	696859	0
695538	397708	399686	2
73808	1036419	1039150	0
483867	807769	810740	1
695538	105200	106778	0
314036	189383	193821	6
73808	743541	743657	5
483867	950981	952167	5
483867	867746	868630	0
648336	137127	137461	0
273352	135065	135423	2
483867	88023	90093	1
118039	994302	995491	1
58031	605826	607909	1
695538	651168	652401	3
648336	672547	673373	0
483867	1014457	1018364	3
314036	822238	823465	3
915149	773918	774028	10
483867	682666	683826	0
118039	113666	114607	3
915149	662675	664483	4
314036	64399	64478	4
95908	820	3041	5
852003	528772	532626	4
713286	487813	492068	1
648336	38860	40539	1
216445	714598	716312	4
73808	921136	921851	0
483867	290324	290401	0
713286	567078	571195	5
314036	383925	383969	2
273352	78410	81421	5
695538	566375	571195	4
915149	633201	633398	3
216445	993196	994191	6
118039	870293	872105	1
314036	21033	23146	1
273352	277010	277634	0
58031	854116	856857	2
73808	715917	716312	3
915149	495435	497083	2
273352	67289	68873	3
852003	487299	492068	1
545298	722961	723648	2
852003	655595	657225	7
545298	131901	132507	5
118039	930869	931681	0
713286	348982	349547	6
118039	618477	622093	0
713286	218254	218544	5
483867	859824	859840	0
915149	47319	48391	3
273352	388428	388514	0
314036	105122	106778	5
273352	1034347	1039150	5
852003	793931	794879	0
648336	995516	996198	3
545298	899079	899487	2
216445	714447	716312	4
273352	896180	896278	2
545298	833620	834327	1
95908	861190	861931	1
695538	412386	413052	1
483867	961081	961350	5
695538	590116	590546	4
713286	866868	868630	2
483867	602820	607909	1
483867	443774	444077	1
545298	463346	464043	1
273352	98577	99099	1
118039	624486	624980	1
695538	834999	835390	0
695538	444630	445869	1
713286	418824	420469	8
852003	241879	242213	4
483867	548690	549972	0
713286	608153	609544	2
545298	556794	557799	1
713286	924249	924455	1
216445	675789	676138	0
73808	457945	458316	6
915149	708767	712247	5
483867	899267	899487	1
648336	555052	555642	1
58031	542188	542285	2
545298	766946	767879	1
273352	634955	636019	3
58031	711785	712247	2
118039	755230	762251	4
545298	577575	578227	0
713286	645433	646173	1
216445	1034487	1039150	10
695538	482645	483867	1
73808	55626	58031	2
95908	682762	683826	0
915149	183127	186016	7
483867	655444	657225	1
118039	205183	207609	9
216445	593256	596578	0
648336	258660	258798	0
95908	656645	657225	1
483867	283154	283843	0
95908	305294	306076	0
73808	890108	892206	0
314036	194910	195934	5
915149	506108	506410	3
216445	175715	176813	3
118039	745286	749409	2
713286	161082	162563	2
648336	667661	669267	0
483867	451971	455336	1
73808	168364	168393	2
