fromId	keyId	targetId	timeout
131196	299519	299782	0
744681	153435	153570	10
260422	357387	359864	2
744681	42751	43174	6
563209	420637	420795	8
502601	232336	237647	8
474019	98217	99099	24
744681	745867	749409	0
744681	961601	966144	36
131196	336269	338304	4
563209	495736	498420	11
563209	666177	666514	7
131196	62470	63849	12
502601	98915	99099	29
502601	713792	715133	4
475598	113130	114607	8
694184	483725	492068	12
744681	180684	182521	10
260422	338155	338304	9
744681	589941	591324	6
563209	653992	654959	5
475598	680109	680935	2
131196	288968	290401	1
474019	493408	495042	0
694184	927848	928731	2
694184	199761	201347	7
260422	1021601	1023379	0
563209	885594	892206	10
475598	701131	703408	10
502601	948704	950468	15
474019	766412	767879	18
475598	907248	908372	11
502601	145987	149423	3
694184	775733	778081	6
744681	76188	76909	12
744681	716965	719558	7
260422	791303	791933	0
694184	157787	157920	4
744681	758035	762251	2
475598	394399	401960	11
474019	227818	228625	16
260422	111695	111713	3
131196	351095	353698	5
694184	428095	431308	9
474019	655014	655085	3
563209	918847	919539	1
563209	140274	140443	3
694184	139504	140443	4
694184	575471	578227	2
474019	1008133	1009650	9
744681	586746	589154	6
694184	557571	557799	4
475598	878867	892206	27
131196	354922	359864	3
475598	211789	213739	10
694184	734984	739081	4
131196	994081	995910	14
563209	374897	375301	8
563209	973316	973996	4
563209	924383	924989	2
474019	372282	374625	7
131196	44263	48391	7
694184	233860	237647	3
502601	588904	589154	0
475598	488402	492068	0
131196	826326	828435	8
475598	963706	966144	25
563209	873087	873236	2
260422	274587	274989	0
260422	894572	896184	7
131196	687910	691286	9
475598	780267	780277	18
744681	268506	268770	1
502601	967169	969501	2
474019	224214	225378	9
502601	883944	892206	11
502601	904522	905208	1
694184	357137	359864	9
502601	662992	665442	3
563209	978686	979430	4
744681	924452	924989	12
131196	389822	391364	4
694184	104098	106939	17
131196	349700	353698	5
744681	1021825	1023379	0
131196	152138	152478	0
563209	766345	767879	9
694184	701172	703408	2
131196	974389	976853	11
260422	667604	670082	1
694184	148417	149423	4
563209	292811	293470	4
694184	793981	796204	8
131196	21115	23146	16
502601	714034	715133	4
744681	444062	445869	9
744681	787656	790320	3
694184	269177	269522	2
694184	837251	838284	0
131196	122020	123198	7
694184	704610	707032	1
474019	852118	852858	28
474019	796205	798431	25
474019	701386	703408	10
744681	1009315	1009650	13
502601	950944	954834	13
475598	399565	401960	9
744681	667428	667499	4
475598	388065	388598	8
475598	505024	505997	3
744681	850629	851350	7
474019	415985	418391	14
475598	526071	528802	4
563209	645017	646173	4
744681	816346	816935	5
475598	205948	207609	8
131196	620273	624773	10
260422	851592	851872	0
474019	567606	570375	9
563209	894620	896184	0
474019	240255	242213	8
260422	743543	744681	8
744681	500036	502601	3
131196	880193	892206	25
563209	865159	865765	2
475598	750993	751979	15
475598	878366	892206	27
744681	917205	917216	16
260422	384606	385773	7
260422	211762	213739	12
474019	654268	654959	4
694184	284319	285454	3
563209	131743	132507	5
694184	226362	226498	3
563209	1002860	1002967	6
744681	656711	657225	7
744681	720282	722433	6
475598	845129	851350	28
563209	947285	950468	16
475598	367899	367995	7
694184	941480	944455	3
475598	903310	905208	11
744681	44261	48391	7
694184	581051	583792	3
131196	870076	872105	6
131196	284881	285454	1
475598	851509	851519	28
474019	61152	63849	15
131196	44515	48391	7
131196	703183	703408	7
502601	179524	182521	9
474019	1015837	1016214	9
694184	290541	292738	3
744681	553079	553941	13
502601	1002988	1005439	6
260422	617576	618091	1
563209	286876	290401	5
502601	18862	23146	5
474019	663545	665442	4
694184	804033	804403	5
131196	939388	944455	13
694184	729566	730571	1
474019	727602	727646	3
260422	257271	257489	8
694184	20303	23146	3
744681	1037221	1040759	1
502601	84646	90093	17
502601	115757	117075	4
744681	179151	182521	12
474019	941984	944455	11
744681	82600	83034	3
744681	178915	182521	12
475598	997592	1002967	11
744681	263786	264473	2
744681	134418	134778	7
131196	729319	730571	7
474019	493612	495042	0
694184	794075	796204	8
744681	992908	995910	14
744681	450759	451797	8
474019	146434	149423	7
502601	387547	388598	3
474019	71542	76091	11
260422	943531	944455	1
475598	888153	892206	11
502601	727139	727646	5
694184	540607	553941	30
563209	225785	226498	5
131196	865589	865765	6
475598	832257	832532	26
475598	611936	614437	0
502601	41471	43174	5
260422	387291	388598	9
744681	600165	607571	5
744681	607416	607571	5
744681	554492	555320	6
563209	936441	937245	0
