fromId	keyId	targetId	timeout
365538	136304	137461	1
587390	137186	137461	12
664877	448813	448841	2
587390	405077	405815	1
838922	954855	957165	0
838922	802035	804403	1
480277	235735	237647	1
375967	973424	976853	1
751979	316483	319165	0
440419	175230	175354	0
375967	513196	516056	2
365538	59574	60418	0
480277	328620	329327	1
365538	13626	15228	0
839095	277182	277634	7
838922	266142	267886	9
375967	36339	40539	6
664877	570778	571195	4
664877	287814	288828	0
751979	712919	713286	4
365538	977155	984060	2
838922	163881	164730	2
702175	550755	551130	2
256635	939363	942126	0
440419	947603	947682	0
440419	651736	652401	0
256635	182455	182521	1
440419	165154	166042	0
587390	672271	673373	1
440419	297027	299782	4
375967	468681	470575	0
375967	332292	332598	0
664877	624303	624980	5
838922	956307	957165	0
365538	84916	85128	0
702175	412813	413052	2
440419	40883	41679	1
256635	885406	885717	0
480277	880044	880778	3
480277	46285	48391	5
365538	998854	1000187	0
365538	614633	615247	8
70085	1044779	1044951	0
587390	1006199	1009650	4
365538	665300	665442	6
480277	54728	58031	7
839095	789908	790293	1
751979	741271	742859	6
293470	824362	827146	6
440419	149587	149971	0
365538	30552	31961	0
256635	935753	935927	0
664877	72202	73808	6
440419	215138	215323	1
365538	820350	821616	8
664877	1017486	1018364	1
293470	555241	555642	2
365538	450420	455336	2
839095	798391	799194	2
256635	277904	280260	1
772294	463419	464043	1
375967	1036470	1039150	1
751979	413057	414608	6
256635	437476	437924	1
751979	195611	195934	4
702175	975326	976853	1
702175	732810	737744	1
293470	453382	455336	2
440419	136527	137461	1
838922	886187	889666	1
702175	95546	95908	1
365538	385747	385773	0
839095	851932	852003	0
293470	963729	966144	3
293470	525680	526807	1
664877	182995	186016	2
480277	74636	76909	8
256635	908793	908793	0
375967	107008	110457	3
480277	223917	225378	1
839095	555762	556214	0
365538	743130	743657	6
365538	373757	374625	0
375967	360265	365538	7
480277	387190	387499	1
70085	415788	415924	2
480277	1042344	1042530	4
587390	28534	29965	2
293470	709105	712247	1
839095	282639	283843	7
440419	205031	207609	4
480277	131372	132507	6
838922	822710	823465	3
440419	116699	116703	1
702175	633062	633398	4
293470	479055	479954	2
664877	663726	664483	4
440419	459351	461652	0
70085	878005	878094	0
772294	748860	749409	1
70085	178326	180469	2
587390	633817	634784	0
839095	167725	168114	2
664877	987905	989899	0
702175	310854	312091	2
664877	533549	533778	3
702175	964497	966144	2
70085	187385	193821	6
256635	896454	897487	0
772294	652347	652401	0
751979	538831	542285	1
772294	1032529	1039150	3
256635	110671	111713	1
365538	361201	365538	2
702175	431979	432312	3
839095	906346	908372	1
664877	165905	166042	0
838922	168967	170646	2
480277	163841	164730	4
70085	611404	614437	0
293470	508930	510670	1
751979	471644	472226	1
375967	125231	125371	0
70085	217464	218544	1
772294	26480	27129	2
664877	797757	799194	1
838922	866653	868630	1
375967	963381	966144	1
440419	124238	125214	0
702175	977929	984060	3
293470	999341	1000187	4
375967	703896	706307	0
587390	457264	457342	1
375967	701022	702175	0
365538	373681	374625	0
70085	734005	737744	0
375967	996459	1000187	1
293470	972321	976853	3
838922	838692	838922	0
256635	122639	123198	1
440419	40993	41679	1
480277	394308	394309	1
293470	909302	909414	2
70085	936463	937245	7
480277	727237	727646	2
751979	958616	958776	1
293470	595707	596578	1
702175	659723	662550	4
772294	547273	547526	0
587390	203477	207609	13
440419	95498	95908	0
70085	721476	722433	0
772294	315363	315367	0
375967	289549	290401	1
751979	615195	615247	2
480277	501041	502601	0
751979	957586	958104	1
772294	507696	507747	1
702175	871655	872105	1
256635	836448	838284	4
365538	102011	102123	0
256635	278529	280260	1
664877	296775	299782	1
440419	732451	737744	1
751979	656194	657225	4
664877	361347	365538	2
440419	631092	633398	2
664877	212603	212676	0
587390	321601	323492	8
70085	726127	727116	0
256635	437758	437924	1
480277	394278	394309	1
664877	557077	557799	4
839095	21490	23146	0
702175	110530	111713	1
365538	390089	394309	2
702175	649584	650149	2
702175	91471	92257	2
480277	528329	532626	7
839095	837013	838284	2
375967	370709	371634	5
839095	805677	807477	2
440419	513590	516056	2
365538	6034	6426	1
838922	1013319	1018364	6
838922	1009808	1012464	1
365538	877310	877936	9
839095	846408	851350	1
772294	616096	617117	0
480277	736328	737744	2
480277	395267	397329	1
480277	692703	693182	1
839095	290138	290401	6
839095	126656	128401	2
375967	397504	399686	1
375967	631327	633398	0
664877	56608	58031	3
