fromId	keyId	targetId	timeout
832532	614266	615247	1
193821	308167	308324	0
561988	72425	73035	0
421167	469650	470575	0
1003913	889300	889666	0
531327	157097	157920	0
4563	501709	502601	0
4563	755374	757484	1
561988	788761	788853	0
745115	870309	872105	3
617867	523800	523935	0
263199	490691	492068	0
35893	816588	816935	1
693176	797033	798431	2
35893	497882	498420	1
954834	855800	856857	1
617867	563772	571195	1
63849	721930	722433	0
263199	595960	596578	0
266680	982850	984060	1
745115	831657	832532	1
4563	93463	94002	0
561988	953407	954834	0
193821	685210	689477	1
193821	990044	991464	4
4563	263366	264035	0
327710	973751	976853	1
693176	773523	774028	0
1045819	36560	38145	0
193821	698902	700300	1
266680	404671	404809	0
193821	688797	689477	1
4563	575656	578227	2
1003913	283328	283843	0
63849	410107	410762	0
266680	735463	737744	0
432312	370151	370171	1
316427	146255	149423	1
266680	132411	132507	0
63849	328240	328277	0
1003913	973148	976853	1
1045819	110640	111713	0
1045819	462596	464043	2
263199	290393	290401	0
432312	47085	48391	0
745115	600983	607571	0
193821	178683	179957	1
421167	998191	1000187	0
693176	683262	683826	1
266680	914333	914893	2
327710	619040	622093	0
327710	558837	559477	1
531327	712489	713286	0
63849	21096	24233	3
432312	291013	292738	1
954834	228301	228625	0
745115	544390	545298	2
421167	107105	110457	1
954834	591293	591324	0
617867	821106	821616	1
193821	1023170	1023379	4
617867	408340	408499	0
63849	635067	636019	0
421167	338616	339686	0
421167	967415	969501	0
832532	141475	142046	0
193821	902643	905208	0
263199	831177	832532	1
1045819	366675	366918	0
1003913	448668	448841	0
316427	546397	546905	0
617867	270721	271850	2
327710	997424	1000187	3
193821	88920	89563	1
1003913	15794	16911	0
266680	455702	455820	0
421167	94469	94902	2
1003913	835174	835390	0
954834	95104	95908	0
316427	72874	73035	1
35893	939734	942126	0
4563	1042285	1042530	1
954834	578124	578227	0
745115	242661	243146	0
693176	762625	765652	1
421167	899855	905208	0
263199	779548	780277	0
693176	964830	966144	0
263199	110152	110457	2
421167	279577	279679	0
263199	506212	506330	0
745115	746031	750208	1
617867	561916	561988	0
561988	242043	242213	0
954834	205383	205624	0
193821	501121	502601	1
193821	898584	899578	1
617867	679032	679061	0
954834	872757	873236	2
1003913	547859	548225	1
263199	235869	237647	2
421167	681460	682121	0
832532	369631	370171	0
745115	364089	365538	0
954834	1014395	1015557	0
693176	322554	322963	0
1045819	866477	866689	0
193821	289070	290401	0
617867	529882	531327	0
316427	449761	450080	0
263199	159092	159133	1
35893	51096	51185	0
316427	548205	548225	0
316427	242887	243146	1
266680	622834	624773	1
35893	818697	820284	1
693176	815845	816250	1
832532	960843	960974	1
531327	345260	345676	0
1045819	790695	791269	0
35893	124351	125214	0
832532	86793	87060	0
531327	539833	542285	0
693176	790219	790293	0
63849	1016371	1018364	4
266680	73141	73808	0
693176	541275	542285	0
745115	891552	892206	0
832532	943418	944266	1
263199	705778	706307	0
617867	112248	112529	0
1003913	603263	607571	1
832532	467969	470575	1
63849	791772	791933	0
954834	587290	587390	0
693176	293090	293288	1
561988	532963	533395	0
832532	382134	383205	0
63849	52146	53455	1
432312	873579	873920	0
531327	333918	334574	0
617867	568934	571195	1
327710	15532	16911	5
4563	145203	145254	0
1003913	1014863	1015557	0
193821	986644	989899	4
1003913	393936	394309	0
193821	233036	237647	0
832532	869065	869327	0
63849	308447	308469	0
4563	85547	87060	0
745115	32864	33249	0
4563	39346	39534	0
832532	21462	24233	1
432312	1011441	1012464	0
263199	809616	810428	0
1045819	989017	989899	2
531327	427503	429707	0
1003913	404554	404809	0
4563	930255	931681	1
4563	570644	571195	2
561988	260158	260422	0
327710	409926	410762	0
63849	826464	827146	1
4563	413961	414580	0
327710	197327	197477	0
745115	106229	106778	0
432312	661265	662550	1
745115	652220	652401	0
193821	691936	693176	1
421167	1045633	1045819	0
4563	824687	825407	4
745115	141169	142046	0
263199	367096	367336	0
531327	140577	142046	0
421167	336209	337304	0
4563	946290	946651	1
266680	144424	145254	0
193821	378994	379105	0
832532	548659	549972	1
35893	51227	53455	0
531327	620915	622093	0
832532	778405	780277	0
263199	297112	297772	0
193821	1044160	1044951	7
421167	792196	792224	1
193821	611339	611381	1
693176	922228	923615	0
4563	162428	162563	1
193821	723485	723648	0
617867	919906	920026	0
421167	125785	126237	1
531327	656847	657215	0
4563	89241	89563	0
1003913	939806	942126	1
35893	803384	804403	2
693176	98655	99099	0
