fromId	keyId	targetId	timeout
285834	754726	762251	6
920026	77985	81597	1
285834	691827	694184	11
388598	5297	7207	3
377694	905975	907033	0
388598	197448	197817	11
852858	337738	338304	11
285834	155843	157920	17
578227	323786	332157	8
920026	20166	23146	1
852858	330963	332157	8
920026	946421	947266	1
388598	558587	559477	6
991799	999992	1002967	3
519666	18023	23146	1
920026	544133	553941	36
578227	649657	652401	8
114787	52499	54609	3
285834	162044	162563	17
285834	906024	907033	12
519666	60494	61121	8
346653	434264	437421	3
388598	706782	707032	2
114787	780222	780277	0
285834	570520	571279	8
852858	545470	553941	22
671293	244739	245695	4
114787	342224	345676	16
720042	177686	182521	8
388598	1030847	1032148	1
346653	373285	374625	1
671293	604656	607571	2
377694	869190	872105	2
920026	1012344	1012464	0
712247	904813	905208	13
920026	5467	7207	1
437880	610471	614437	2
346653	116680	117075	8
519666	994319	995910	2
377694	1022004	1023379	0
578227	266948	267886	12
852858	971977	973996	4
991799	950697	954834	12
437880	720611	722433	0
712247	739930	742311	2
720042	888922	892206	6
720042	388925	391364	11
671293	86427	90093	2
852858	486641	492068	16
671293	170364	170646	1
388598	1005850	1009650	2
285834	380976	381101	13
991799	949399	950468	13
377694	246557	248234	10
377694	766294	766304	4
388598	505124	505997	3
671293	539340	553941	20
377694	8381	9550	1
285834	747713	749409	14
377694	747966	749409	4
437880	929824	931681	0
720042	568188	570375	23
437880	31476	31961	3
346653	176838	177600	12
720042	403279	404091	11
388598	225560	225712	9
285834	546225	553941	18
578227	466288	470575	2
437880	740283	742311	4
712247	625629	627409	4
578227	951812	954834	25
712247	174932	175354	10
852858	128094	131196	6
578227	79711	81597	4
437880	1000865	1002967	6
519666	526302	528802	4
519666	699530	700300	2
991799	92132	92829	1
920026	462805	465452	12
437880	762834	765652	2
377694	62325	63849	6
920026	753600	762251	21
346653	421059	422017	1
991799	950078	950468	9
720042	741849	742311	1
991799	469577	470575	1
712247	30435	31961	1
346653	485634	492068	18
285834	291607	292738	0
377694	555064	555320	2
920026	640499	641666	18
519666	862848	865765	2
519666	620153	624773	3
578227	115965	117075	4
671293	230399	230416	3
920026	1040416	1040759	4
720042	781036	782147	9
114787	816339	816935	0
377694	74629	76091	11
285834	1023547	1024057	6
991799	630502	630770	0
991799	366253	367336	2
377694	697671	700300	3
920026	481913	492068	15
346653	638009	640199	9
920026	626382	627409	18
437880	946962	947266	0
920026	523736	523935	15
114787	950007	950468	17
920026	607286	607571	15
388598	131929	132507	3
519666	73872	76091	16
388598	639037	640199	3
285834	277207	277634	19
519666	866635	866689	0
578227	296842	297772	13
377694	414029	418391	4
712247	256392	256585	12
991799	730570	730571	3
671293	749620	750208	3
437880	467952	470575	0
519666	538180	539124	4
346653	185366	185445	11
712247	55427	55604	6
920026	216107	216883	3
671293	120077	123198	2
852858	211536	211654	1
114787	88730	90093	5
720042	1026051	1026318	0
720042	635049	636019	18
671293	53275	54609	1
578227	926952	928731	14
720042	970632	973996	1
671293	100498	101892	0
920026	322868	322963	4
285834	455719	457146	3
712247	665149	665442	3
285834	868012	872105	13
712247	57602	58031	7
991799	962659	966144	25
437880	306157	306706	2
388598	200486	201347	11
114787	665552	666514	4
437880	968160	969501	3
991799	485176	492068	1
388598	645187	646173	3
991799	1013427	1016214	1
920026	951745	954834	2
437880	31174	31961	3
377694	72073	76091	13
519666	140226	140443	14
920026	556931	557799	31
720042	747193	749409	7
920026	410335	410762	12
519666	1011157	1012464	2
437880	818229	818271	0
114787	564655	570375	2
720042	643717	646173	20
377694	206350	207609	10
991799	602827	607571	2
720042	239910	242213	4
285834	156943	157920	17
720042	456000	457146	12
852858	410160	410762	16
285834	570888	571279	8
578227	776681	778081	2
285834	1046315	3041	15
519666	46892	48391	7
114787	436288	437421	1
114787	535466	538177	3
852858	899491	905208	4
285834	575506	578227	6
852858	531941	532626	7
578227	860032	860321	9
712247	176891	177600	7
991799	932006	932232	9
671293	565711	570375	3
712247	643013	643586	3
388598	576311	578227	6
285834	697889	700300	11
920026	657976	658390	18
920026	702748	703408	24
712247	301734	306706	13
285834	657432	657790	8
437880	348419	349547	4
388598	789650	790320	1
920026	232260	237647	7
991799	596059	598015	2
712247	968710	969501	34
114787	325667	332157	15
346653	211078	211368	11
377694	1046863	3041	3
285834	1035928	1040759	9
920026	510076	510670	13
285834	708505	711452	11
114787	28233	31961	3
346653	69338	70085	8
