fromId	keyId	targetId	timeout
27453	233810	237647	1
199265	1034060	1039150	1
164730	606970	607571	0
322963	995943	996198	4
641666	144373	145254	1
345676	760358	761194	0
383969	463919	464043	0
345676	763666	765652	0
199265	722632	723648	0
199265	588777	589154	0
310069	307691	307895	3
682176	275625	277634	1
27453	732539	732869	0
872105	963226	964417	0
467177	989280	989899	1
383969	613878	615247	1
368188	81859	83034	1
467177	90553	92257	1
164730	396543	397329	0
27453	435745	437421	0
682176	68400	68873	0
385773	778418	780277	1
467177	245458	245695	2
648696	291339	292738	0
385773	125118	125214	0
27453	657212	657215	0
164730	609885	609989	0
310069	971656	976853	1
322963	338690	339686	0
368188	314609	315068	0
682176	805064	806794	1
634784	114114	114607	0
27453	682171	682176	0
467177	1018522	1019868	0
310069	903156	905208	0
164730	181518	181588	0
641666	549532	549972	2
345676	843456	851350	2
199265	994714	995491	0
368188	654422	654597	0
368188	1045166	1045819	0
385773	1008211	1009650	1
634784	915433	917216	0
322963	747850	750208	1
27453	438415	439346	0
641666	495707	498420	2
467177	43921	45960	0
641666	177872	179957	1
199265	811000	811796	0
467177	792795	795326	1
199265	193049	193465	0
383969	791799	791933	0
164730	587338	587390	0
872105	77366	81421	1
322963	477371	479954	0
467177	67612	67678	0
648696	406926	407397	0
383969	42355	43174	0
345676	171441	171644	2
368188	706094	706307	0
27453	568623	571195	1
467177	15706	16911	0
199265	195802	195934	0
872105	858293	860219	3
199265	473595	474019	0
385773	495216	495341	0
199265	355621	356213	0
383969	291347	292738	0
322963	997452	1000187	4
641666	747950	750208	1
310069	205138	205624	2
634784	4514	4563	0
833134	372138	374625	0
27453	64425	64478	0
634784	368536	370171	0
310069	381021	381101	0
833134	511725	512353	2
27453	905707	905962	0
641666	454927	455336	1
385773	726418	727116	0
164730	417223	418391	0
833134	376127	376315	0
345676	377369	377694	0
368188	516780	519666	1
634784	571971	578227	6
648696	600350	607571	0
385773	903039	905208	1
648696	44711	45960	0
682176	323572	323986	0
641666	316171	316427	1
648696	575823	578227	1
164730	467458	470575	0
383969	967218	969501	0
322963	596591	598015	0
164730	333605	334574	0
164730	605354	607571	0
942126	472163	472226	0
385773	832105	832532	0
942126	933882	934390	1
199265	901089	905208	0
467177	408300	408499	0
833134	47894	48391	0
199265	18211	24233	3
199265	14067	15228	1
641666	635305	636019	1
345676	228269	228625	0
383969	195675	195934	0
641666	262612	263199	1
368188	889494	889666	0
641666	387808	388514	1
872105	567792	571195	2
310069	940511	942126	0
648696	591586	591862	0
634784	596094	596578	5
322963	1033355	1039150	7
641666	453116	455336	1
199265	294306	294455	0
648696	618590	622093	0
634784	172315	172509	0
872105	189697	191401	1
682176	825140	825407	0
322963	591440	591557	0
383969	325713	326335	2
385773	284956	285454	0
648696	279607	279679	0
345676	531952	532626	0
345676	1004618	1009650	1
872105	800056	802003	1
648696	56256	57763	0
682176	702685	703408	0
164730	669145	669267	0
385773	539009	539124	3
942126	111647	111713	0
27453	148606	149423	0
942126	638884	640199	0
27453	201564	202941	0
385773	219691	221072	0
942126	85179	87060	0
634784	956775	957165	0
641666	287512	288828	1
164730	279571	279679	0
634784	600155	607571	5
322963	717756	719330	0
27453	323069	323492	0
310069	96297	96511	0
833134	987296	989899	0
164730	906185	908372	1
648696	202372	202941	0
634784	681456	682121	0
322963	862915	862978	1
467177	300639	300709	0
345676	381181	383205	0
872105	877190	877936	0
322963	979536	984060	3
27453	925479	926567	0
872105	523118	523537	0
27453	647306	647567	0
942126	366520	366918	1
682176	960199	960974	1
648696	189657	191401	0
164730	845704	851350	1
641666	170518	170646	1
383969	940128	942126	0
467177	504102	504141	0
648696	671423	671525	0
345676	97474	99099	0
682176	786144	786315	1
27453	999348	1000187	3
368188	187759	191401	0
199265	518607	519666	0
383969	288677	288828	0
833134	682138	682176	0
872105	1005361	1009650	1
872105	844517	851350	4
634784	934984	935606	0
385773	464266	465452	0
27453	345769	346588	0
310069	684668	689477	1
385773	268755	268770	0
27453	525974	526807	0
634784	895402	896184	0
467177	607185	607571	0
199265	170943	171644	0
942126	453841	455336	0
199265	1008215	1009650	0
833134	386899	387499	0
942126	541561	542285	1
648696	514021	515586	0
467177	108656	110457	0
648696	376911	376922	0
310069	225054	225618	4
383969	587347	587390	0
872105	816241	816250	0
310069	409377	409378	0
833134	524749	525184	2
467177	764230	765652	2
648696	689898	690624	0
