fromId	keyId	targetId	timeout
1042530	570982	571279	2
153570	992030	992036	8
513972	1005022	1005439	3
313252	334925	338304	2
1042530	144960	149423	10
39534	275841	277634	3
39534	650602	652401	0
153570	256089	256585	8
153570	715640	715899	5
299782	909914	910106	0
153570	544103	553941	25
767879	406062	406102	8
401960	645560	646173	1
513972	500889	502601	6
513972	432854	437421	3
591324	122071	123198	3
39534	467815	470575	10
799194	552252	553941	14
401960	636809	640199	1
767879	754835	762251	21
767879	110801	111713	12
221871	270256	271850	6
299782	981157	983382	4
299782	122756	123198	3
1042530	521469	522408	0
591324	46780	48391	1
401960	695149	695538	6
401960	1046510	3041	15
401960	76417	76909	2
799194	12608	16911	4
153570	1043605	1044272	9
299782	538390	539124	6
401960	4021	7207	9
767879	1010450	1012464	2
513972	495616	498420	7
513972	759644	762251	2
591324	604929	607571	0
591324	1021408	1023379	2
513972	940955	944455	4
39534	94940	99099	32
767879	620769	624773	3
799194	186934	193821	14
513972	898497	899487	14
39534	471750	472812	11
401960	218782	221165	4
39534	233838	237647	3
401960	689467	691286	8
153570	644935	646173	6
1042530	981478	983382	2
513972	622963	624773	4
313252	213797	216883	17
401960	574462	578227	0
401960	861917	865765	5
153570	446169	446573	3
513972	642642	643586	5
313252	668706	670082	8
313252	969471	969501	1
313252	427152	431308	3
221871	939920	944455	5
799194	973173	973996	0
221871	531650	531849	6
39534	717093	719558	5
591324	570301	570375	5
153570	611437	614437	4
39534	368973	372033	13
313252	680656	680935	8
221871	388587	388598	4
1042530	941644	944455	4
767879	994385	995910	1
153570	397551	401960	3
313252	809410	810848	5
299782	509839	510670	1
1042530	157924	158919	8
39534	298481	299782	3
401960	656674	657225	4
153570	955506	958776	24
1042530	719935	720042	3
799194	450723	451797	1
401960	687209	691286	8
401960	564625	570375	7
767879	571909	578227	7
153570	985635	985974	8
221871	60775	61121	3
299782	337197	338304	5
299782	627062	627409	2
799194	127783	131196	8
1042530	845875	851350	1
221871	326126	332157	16
591324	616639	618091	2
1042530	555123	555320	0
401960	307553	308324	6
591324	118954	120046	5
299782	463690	465452	1
591324	231817	237647	2
513972	147371	149423	2
221871	697197	700300	9
799194	306656	306706	0
153570	547800	553941	15
401960	905409	907033	10
1042530	67947	68873	8
153570	484053	492068	5
39534	641682	643586	0
221871	849924	851350	0
513972	123212	125371	3
39534	30787	31961	1
313252	932770	933667	0
39534	647465	648336	2
767879	183069	185445	6
591324	781895	782147	17
313252	525792	528802	4
1042530	840735	851350	2
153570	661960	662550	7
401960	66389	67678	3
39534	384774	385773	7
299782	192025	193821	4
221871	402759	403237	5
799194	235046	237647	13
799194	378164	379105	5
591324	696811	696859	5
799194	475640	476082	3
313252	447461	448841	0
221871	162974	163718	8
299782	23402	24233	1
39534	517511	519666	4
313252	1031534	1032148	1
591324	767190	767879	17
1042530	900854	905208	5
299782	214551	216883	4
591324	39611	40539	1
39534	203753	204141	6
767879	46685	48391	5
299782	392083	401960	5
313252	723228	723648	0
39534	175973	176813	0
39534	206466	207609	0
39534	879671	892206	18
513972	644383	646173	5
513972	505684	505997	4
39534	965415	966144	23
313252	511329	512353	2
767879	811219	815460	1
401960	840659	851350	4
313252	497228	498420	2
1042530	199599	199657	6
221871	2387	3041	5
401960	782106	782147	19
153570	246993	248234	3
1042530	329626	332157	13
313252	980199	983382	0
591324	208433	210869	4
799194	273953	274989	14
591324	779101	780277	17
767879	603271	607571	9
313252	940749	944455	3
313252	536213	538177	1
39534	295978	296126	3
401960	209885	210869	3
401960	441585	441627	3
513972	746255	749409	0
513972	809137	810848	6
39534	87708	90093	13
401960	18128	23146	3
401960	408855	409102	0
799194	251512	255421	19
299782	52015	54609	1
313252	359652	359864	0
313252	73957	76091	10
767879	978769	979430	0
39534	641428	641666	1
313252	768671	771016	4
221871	250014	255421	5
221871	549018	553941	19
591324	411772	413052	16
299782	351016	353698	4
221871	86210	90093	8
313252	791346	791933	0
313252	83025	83034	12
153570	768349	768405	5
1042530	360161	365538	14
1042530	119757	120046	2
591324	853677	853903	29
513972	951296	954834	15
513972	78639	81597	5
39534	13148	16911	4
153570	324381	332157	7
513972	394818	401960	6
39534	533086	533395	3
39534	1047878	3041	3
313252	470189	470575	0
767879	985989	991799	3
401960	1007836	1009650	8
799194	623239	624773	11
1042530	878424	892206	21
513972	299823	299986	7
153570	603214	607571	4
39534	351656	353698	13
767879	758178	762251	23
