fromId	keyId	targetId	timeout
911364	813053	815460	0
762251	592011	596578	1
225653	800160	802003	0
497083	472888	472959	1
989899	813564	815460	4
703408	1045332	1045819	0
13480	1019167	1020133	2
646291	70700	71283	1
268770	269356	269522	0
225653	130416	132507	5
646291	30314	31961	1
989899	767353	767879	12
13480	245541	245830	1
762251	349362	349547	0
142046	136929	137461	4
13480	1043991	1044272	3
703408	1039307	1042530	1
703408	167421	168114	0
911364	357808	359864	1
989899	329207	329327	4
142046	206642	207609	3
762251	610668	611271	5
762251	449307	450080	1
989899	647696	647753	9
268770	710448	712247	11
225653	12884	13330	0
911364	174674	175354	0
177600	502515	502601	0
646291	704017	706307	3
367336	976671	976853	0
646291	832800	833608	3
497083	608049	609544	9
911364	819926	820284	0
225653	842347	844119	2
762251	153522	153570	0
646291	958305	958776	0
142046	341019	346588	3
142046	701036	702175	2
367336	82744	83034	0
177600	717589	719330	0
177600	680052	680935	0
911364	691045	693182	2
225653	939906	942126	0
13480	604479	607909	2
497083	910000	910106	6
989899	1004727	1009650	1
911364	58873	60418	0
989899	965531	966144	6
225653	219761	221072	0
225653	423340	424541	1
225653	511314	512353	0
177600	201666	202941	0
177600	319415	319466	0
111713	962690	966144	2
142046	770252	771016	2
13480	281537	281657	0
13480	419914	420469	0
911364	831789	833608	3
225653	903332	905208	0
367336	534783	535002	2
268770	14338	15228	0
13480	888518	889666	0
225653	207943	208458	0
911364	296958	299782	1
177600	420225	420469	2
497083	482842	483867	1
142046	761530	762251	3
497083	589415	589565	5
911364	793202	794879	0
497083	14770	15228	0
911364	671492	671525	0
142046	534103	535002	3
911364	995802	996198	3
225653	775397	776080	0
268770	451746	455336	5
225653	667500	669267	4
497083	175305	175354	2
497083	414016	414608	3
225653	527060	527493	0
13480	842776	844119	0
989899	262986	263199	4
177600	997008	1000187	2
703408	61562	63567	1
497083	607454	607909	7
646291	147604	149423	2
646291	399179	399686	1
111713	530263	532626	6
497083	994650	995491	7
13480	740216	742859	2
111713	1026903	1028002	1
142046	612631	614437	5
225653	985050	989899	5
177600	268460	268770	0
646291	31491	31961	1
177600	179493	180469	1
142046	993886	994191	5
989899	503442	503721	6
762251	679577	680935	0
111713	596137	596578	0
177600	177953	180469	1
268770	808028	810740	1
989899	384476	385773	4
367336	10084	13330	1
268770	629952	630942	7
497083	23582	27129	1
989899	243032	243146	3
13480	129881	132507	3
177600	399862	402288	2
111713	274968	274989	0
703408	129599	132507	3
367336	403339	404091	2
762251	542147	542285	0
268770	1022017	1023379	2
646291	237381	237647	1
13480	228328	228625	0
367336	272135	273352	0
703408	433972	437421	8
367336	1044369	1044951	0
762251	757356	762251	3
13480	574511	578227	0
367336	403065	403237	1
111713	343541	346588	2
142046	59680	60418	3
13480	946295	947266	2
177600	360084	365538	3
762251	169448	170646	0
762251	950850	952167	1
367336	200693	201347	5
13480	999273	1000187	2
142046	451057	455336	3
911364	702243	703408	1
225653	746347	749409	7
911364	624642	624980	1
646291	740778	742859	2
989899	416569	417194	5
762251	962890	966144	1
225653	995989	996198	4
177600	52537	58031	5
911364	45490	45960	0
268770	548498	549972	4
762251	6358	6426	0
911364	718565	719330	3
177600	60325	60418	1
646291	214573	215127	2
142046	290916	292738	0
268770	632270	633398	8
13480	109125	110457	0
177600	577942	578227	0
497083	281121	281657	0
989899	702795	703408	10
268770	678834	680935	10
111713	210157	210869	0
142046	538985	542285	2
111713	281947	283843	1
225653	387554	388514	0
225653	433726	437421	2
989899	603256	607909	12
367336	523526	523537	1
911364	876661	876946	0
177600	385196	385773	0
989899	697868	700385	10
225653	885164	885717	0
911364	354090	354873	1
911364	1016508	1018364	2
268770	301436	304639	1
111713	26160	27129	1
703408	215440	216445	2
646291	883214	885022	0
13480	144257	145254	4
367336	70706	71283	1
367336	376081	376315	0
111713	535261	538118	2
142046	477874	479954	2
268770	922375	923615	1
13480	694040	695538	2
367336	790701	791269	6
142046	689604	689707	2
989899	246518	247089	3
268770	946346	947266	4
268770	643287	643586	8
703408	269792	271014	2
989899	876795	876946	9
762251	352078	352613	0
497083	279202	280260	1
703408	283960	285614	6
367336	544388	545171	2
703408	586673	587390	1
13480	479270	479954	0
13480	43043	45960	1
177600	836757	838284	0
646291	630032	630942	1
367336	238463	238942	3
111713	111119	111713	0
646291	715298	716312	1
497083	475262	476042	2
367336	644272	646173	5
177600	738717	738897	0
