fromId	keyId	targetId	timeout
995910	558843	559477	0
996198	870060	872105	0
771016	545613	546016	4
466721	596078	596578	1
1023440	852537	852858	1
571195	260810	261410	0
728810	129825	131196	0
771689	874245	874911	0
995910	765964	766304	0
730571	9939	10639	0
825407	512391	512923	0
646173	180806	181588	0
791933	397788	399305	0
771689	744763	744961	0
791933	548605	549972	0
995910	851037	851350	0
818271	978473	979430	0
753387	590335	590546	0
825407	710574	711452	1
132057	715219	715899	0
132057	159110	159133	0
818271	807409	807477	0
791933	473953	474019	0
682424	884184	885022	0
753387	793038	795326	1
791933	20259	24233	2
791933	895684	896184	1
682424	976053	976853	0
466721	352713	353698	0
495042	248167	248234	0
771689	959040	959083	0
495042	91699	92257	1
995910	767848	767879	0
730571	512869	512923	0
771689	34728	35893	2
771689	770531	771016	0
466721	632179	633398	0
825407	767608	767879	1
825407	836663	838284	0
791933	292376	292738	0
132057	860463	861378	0
730571	746008	750208	1
495042	185048	185445	0
682424	537931	538118	0
730571	650366	652401	0
753387	870181	872105	0
495042	132315	132507	0
818271	619881	622093	0
771016	237706	238986	2
771016	676265	676976	0
730571	166484	168114	0
682424	507906	510670	0
728810	769729	771016	0
753387	672469	673373	0
818271	186366	186474	0
646173	509274	510670	0
818271	261802	261950	0
682424	301449	304639	0
730571	88680	89563	0
825407	737678	737744	1
571195	308794	308939	0
571195	737299	737744	0
495042	645078	646173	0
495042	1004108	1009650	1
771016	631943	633398	0
571195	588991	589154	0
995910	747601	750208	1
825407	1006773	1009650	0
791933	286907	287175	0
996198	803870	804403	0
466721	1038424	1039150	0
1023440	289757	290401	1
771689	873212	873236	0
728810	212782	213739	1
728810	726779	727116	0
466721	384713	385773	0
682424	887318	889666	0
730571	504530	505515	0
495042	487386	487557	0
771016	30115	31961	1
753387	755217	757484	0
1023440	908303	908372	0
818271	111026	111713	0
1023440	490436	492068	0
132057	697520	700300	0
791933	898400	899578	2
466721	392776	394309	0
818271	586007	586117	0
571195	909763	910106	3
1023440	707342	707559	0
818271	763225	765652	0
728810	914211	914893	0
495042	965168	966144	0
646173	77628	81421	0
791933	890846	892206	3
682424	258544	258968	2
1023440	504477	505515	0
818271	662284	662550	0
495042	557475	557683	1
495042	975980	976853	0
995910	1009942	1012464	0
132057	483478	483867	0
682424	698547	700300	0
571195	658061	658390	0
495042	53491	54609	0
730571	146635	149423	0
1023440	694847	695538	1
996198	873650	873920	0
132057	433267	435554	0
132057	328524	329327	0
818271	257685	257797	0
682424	70046	70085	0
771016	292801	293288	0
466721	105072	106778	0
791933	852927	853058	1
646173	563883	571195	3
682424	237272	237647	1
1023440	258862	258968	0
771689	183800	184483	1
825407	523918	523935	0
791933	188294	191401	0
730571	506535	507083	0
996198	589874	590546	0
825407	799237	802003	1
771016	218965	221072	1
753387	981891	984060	2
466721	830802	832532	1
730571	111450	111713	0
818271	645527	646173	0
132057	196066	197477	0
818271	219203	221072	1
646173	1004431	1009650	3
132057	770665	771016	0
1023440	308966	309308	0
728810	859582	860219	3
728810	498160	498420	0
495042	549172	549972	1
682424	870212	872105	0
995910	339843	341916	2
771689	206181	207609	1
132057	442646	442735	0
646173	767291	767879	0
996198	903268	905208	0
771016	109984	110457	2
682424	352471	352613	1
571195	98254	99099	0
495042	202448	202941	0
1023440	443465	445869	1
466721	642128	643586	0
1023440	656765	657215	0
791933	522774	523537	0
771016	947261	947266	0
996198	362573	363419	0
132057	1001762	1002268	0
571195	705628	706307	0
466721	453567	455336	0
646173	1005742	1009650	2
728810	293157	293288	0
771016	1009517	1009650	2
825407	727305	727646	1
730571	112863	113664	0
996198	346794	348855	0
996198	497407	498420	0
728810	391061	391364	0
771016	49129	50882	1
818271	67739	68873	0
771689	326763	327710	0
818271	213943	215323	2
791933	969299	969501	0
771689	915576	917216	0
771016	836197	836655	0
1023440	922426	923615	0
818271	712604	713286	0
818271	648869	650149	0
771689	530306	531327	0
791933	771049	771689	0
771016	542211	542285	0
728810	841753	851350	3
818271	30636	31961	0
818271	1029205	1029343	0
571195	403267	404091	0
646173	646759	647567	0
753387	466306	466721	1
791933	158719	158919	0
571195	801017	802003	0
571195	30896	31961	0
995910	263124	263199	2
771016	177331	177863	2
682424	185368	185445	0
571195	396164	397329	0
132057	915937	917216	2
995910	603725	607571	0
791933	269411	269522	0
771016	468389	470575	1
771689	466457	466721	0
571195	635542	636019	0
682424	1023636	1024057	0
