fromId	keyId	targetId	timeout
28048	344907	345676	0
991464	193767	193821	0
191401	811349	811796	0
217610	755155	757484	0
293288	316618	319165	0
1045821	676395	676976	0
622093	199697	199880	0
217610	106030	106778	1
191401	614942	615247	0
332707	378576	378843	0
359898	422224	424541	0
625158	409361	409378	0
112529	228443	228625	3
191401	549272	549972	0
929482	268329	268770	1
929482	378082	378313	0
1045821	268274	268770	0
399686	670088	670763	0
191401	646575	646610	0
1045821	80075	81421	0
217610	21545	24233	3
991464	10582	10639	0
742311	603772	607571	0
744961	487006	487557	0
625158	997358	1000187	0
217610	105247	106778	1
28048	20934	24233	2
742311	149173	149423	1
622093	563235	563267	1
1045821	266452	266680	0
672032	924056	924455	0
1045821	966560	969501	2
991464	256638	257489	1
742311	49072	50882	2
744961	362761	363419	0
191401	208868	209004	0
1045821	492291	492527	1
672032	536446	538118	0
112529	652059	652401	0
991464	74234	76091	0
332707	292270	292738	0
625158	985120	985974	0
1045821	897927	899578	1
112529	317312	319165	0
1045821	775829	776080	0
625158	342526	345676	0
217610	492399	492527	0
191401	974813	976853	1
774208	469643	470575	0
744961	626003	627076	0
359898	710090	711452	0
744961	271878	273352	1
399686	72622	73035	0
625158	622031	622093	2
1045821	597989	598015	0
28048	224774	225618	1
112529	503499	503721	0
929482	78918	81421	0
399686	566016	571195	2
739285	616646	617117	1
28048	992303	992377	1
625158	1042223	1042530	0
332707	547291	547526	0
744961	974175	976853	1
929482	11786	13330	0
622093	659097	659296	0
332707	116589	117075	1
28048	584349	584836	1
672032	226859	227022	1
112529	805311	806794	0
672032	208294	208458	0
774208	951728	952167	0
929482	859885	860219	0
359898	587089	587390	0
112529	218647	221072	2
1045821	384805	385773	0
293288	1046244	1048453	0
774208	975841	976853	1
399686	371432	371634	1
217610	290538	292738	0
774208	370777	371634	0
744961	480525	481797	0
672032	422936	424541	0
929482	97209	99099	0
332707	485919	487557	0
191401	938416	942126	1
744961	229907	230416	0
742311	273023	273352	0
739285	755856	757484	0
929482	954208	954834	0
1045821	748058	750208	2
112529	215881	216445	2
622093	417537	418391	2
739285	1033551	1039150	1
739285	30773	31961	4
744961	677712	679061	1
399686	156862	157920	0
359898	111048	111713	0
359898	818494	820284	0
622093	334994	337304	0
739285	1001295	1001727	1
622093	261930	261950	0
293288	686703	689477	0
625158	37934	38145	1
622093	52588	53455	0
929482	363366	363419	0
625158	570429	571195	1
625158	1035486	1039150	1
1045821	151031	152478	0
991464	958930	959083	0
739285	715256	715899	1
991464	932548	933667	0
191401	10605	10639	0
991464	647672	647753	0
774208	750933	751979	0
744961	325211	326335	1
217610	603353	607571	1
1045821	552907	553941	0
399686	392515	394309	1
742311	847731	851350	2
359898	131609	131811	1
744961	312092	313252	0
622093	313587	314036	0
293288	727718	728810	1
28048	477747	479954	0
625158	872378	873236	0
622093	794763	795326	1
399686	684499	689477	0
28048	748415	750208	2
112529	899347	899578	1
672032	547477	547526	2
332707	311299	312091	0
625158	832356	832532	0
332707	699018	700300	0
217610	309178	309308	0
359898	946258	946651	1
112529	210004	210869	0
744961	790706	791269	0
744961	144787	145254	0
739285	767859	767879	0
929482	1026647	1028002	0
742311	657270	657790	2
742311	138031	138649	1
625158	793018	795326	1
672032	466229	466721	0
112529	750141	750208	0
28048	956611	957165	0
332707	359265	359864	0
739285	101597	101892	0
625158	748216	750208	1
191401	787524	788853	0
399686	882478	883083	1
774208	679009	679061	0
293288	908547	908793	0
739285	952218	953197	0
28048	630982	633398	0
217610	125287	125371	1
399686	232862	237647	0
744961	577128	578227	1
774208	673136	673373	0
744961	799036	799194	1
744961	687645	689477	1
191401	883046	883083	1
191401	341817	341916	0
929482	527556	527965	0
739285	176544	176813	0
622093	970190	970485	0
622093	527546	527965	1
28048	81458	81597	0
191401	586525	587390	2
191401	180176	180469	0
359898	136574	136687	0
622093	506194	506330	1
28048	153658	155559	0
112529	420186	420469	0
293288	933252	933667	0
991464	198341	198450	0
929482	341069	341916	1
1045821	991131	991464	2
739285	257327	257489	1
217610	982680	984060	1
359898	561476	561988	0
625158	993211	995491	1
191401	398104	399305	0
191401	914342	914893	1
112529	911446	912394	0
112529	339151	339686	0
217610	399167	399305	0
929482	641182	641274	0
739285	243772	244119	1
739285	307201	307895	1
929482	703341	703408	0
359898	100988	101892	0
991464	167807	168114	0
293288	252527	254307	0
625158	999788	1000187	0
191401	204895	205624	0
