fromId	keyId	targetId	timeout
787094	756409	757484	0
520011	1001547	1001727	3
197477	626000	627076	1
168232	594283	596578	0
168232	581621	583792	0
131811	115922	117075	2
520011	575637	578227	1
168232	433588	435554	0
786042	616859	617117	0
641274	413298	414580	0
667499	265905	266071	1
787094	1012781	1013078	0
381101	465606	466721	0
381101	586862	587390	0
786042	915901	917216	0
211368	727732	728810	1
131811	475624	476042	0
102123	275681	277634	2
618091	904535	905208	0
520011	985075	985974	3
155606	533461	533778	1
787094	733534	737744	0
67471	942444	944266	0
547526	161570	162563	0
520011	510404	510670	2
547526	312070	312091	0
641274	997408	1000187	1
381101	303955	304639	0
381101	300794	300832	0
617117	397589	399305	0
308333	843413	851350	2
308333	67047	67471	0
308333	537493	538118	2
168232	656892	657215	0
131811	352592	352613	0
520011	934092	934390	1
168232	693486	694184	0
667499	350009	352020	0
131811	288205	288828	0
197477	913132	913882	0
67471	500970	502601	1
786042	73841	76091	0
547526	123820	125214	2
786042	788403	788853	0
786042	27305	27453	0
589565	16241	16911	5
168232	699693	700300	0
547526	828266	828435	0
6426	554261	555320	0
168232	984095	984393	0
131811	128968	131196	1
617117	404193	404809	0
168232	404787	404809	0
102123	230484	231449	2
787094	632627	633398	0
6426	69648	70085	0
547526	243280	244119	0
197477	1010498	1012464	0
520011	852720	852858	1
168232	756297	757484	0
786042	231061	231449	1
155606	843074	851350	4
617117	334688	337304	1
102123	501821	502601	2
667499	262743	263199	2
618091	718388	719330	0
641274	677712	679061	3
381101	824703	825407	0
641274	853036	853058	0
102123	856557	856857	1
547526	1047101	1048453	0
102123	91815	92257	1
547526	421195	422017	0
197477	397650	399305	0
197477	326804	327710	0
6426	921035	921851	2
155606	545192	545298	1
131811	779846	780277	0
197477	952859	953197	1
6426	337232	337304	0
787094	933512	933667	0
381101	187204	191401	0
547526	421519	422017	0
641274	505085	505515	0
547526	472031	472226	0
308333	549500	549972	1
197477	380179	381101	0
168232	69971	70085	0
139146	744539	744681	0
155606	120348	123198	1
67471	980974	984060	1
131811	352913	353698	0
131811	66629	67471	2
155606	165891	166042	0
381101	980353	984060	2
6426	684885	689477	0
667499	31793	31961	0
102123	857790	860219	2
197477	378534	378843	0
520011	490946	492068	3
381101	232265	237647	0
131811	289465	290401	0
155606	920615	921851	2
617117	57848	58730	3
520011	626581	627076	0
308333	386948	387499	0
787094	144960	145254	1
520011	621030	622093	0
667499	180365	180469	0
786042	826456	827146	0
618091	906230	908372	2
139146	511950	512353	0
381101	777970	778081	0
547526	397581	399305	0
667499	635285	636019	0
787094	326763	327710	0
308333	29117	31961	1
667499	1013587	1015557	0
786042	226461	226498	2
787094	217465	217610	1
211368	63896	64312	3
139146	249547	249946	2
131811	92198	92257	1
308333	1015491	1015557	0
381101	1038542	1039150	1
168232	893792	894583	0
787094	731987	732039	0
617117	632609	633398	0
102123	883825	885022	0
139146	486900	487557	0
197477	972224	976853	1
197477	797270	798431	0
618091	147737	149423	0
139146	217372	217610	0
197477	607694	607909	0
139146	348037	348855	1
308333	224834	225618	3
211368	540034	542285	0
6426	840705	851350	5
308333	53027	53455	0
547526	891004	892206	0
139146	458223	458316	0
197477	133625	133668	0
131811	675913	676143	1
168232	686599	689477	1
520011	223733	225618	1
155606	1004554	1009650	2
131811	266107	266680	0
211368	234534	237647	0
547526	902666	905208	0
211368	708451	711452	0
155606	33851	34514	1
6426	861379	861931	2
617117	79348	81421	1
520011	60809	61121	1
308333	581	3790	1
131811	347262	348855	0
197477	899924	905208	0
618091	338965	339686	1
168232	531834	531849	1
667499	370701	371634	0
102123	1044657	1044951	0
102123	851358	851519	1
308333	821987	823465	1
618091	965189	966144	0
211368	630739	630770	0
787094	565330	571195	1
381101	133971	134778	0
381101	278505	279679	0
67471	36495	38145	0
787094	870622	872105	0
618091	76618	76909	1
520011	306633	306706	1
787094	304983	306076	0
381101	462361	464043	0
102123	209186	210869	1
641274	706684	707032	1
6426	689801	690624	0
67471	619073	622093	0
547526	300067	300709	0
589565	528844	531327	1
667499	79169	81421	0
308333	344041	345676	0
197477	375393	375967	0
547526	1031335	1032148	0
197477	1046435	1048453	0
155606	964243	964417	2
617117	836583	836655	1
618091	380471	381101	0
131811	214016	215323	2
381101	885795	886098	1
618091	1039926	1040759	0
786042	42498	43174	0
308333	589757	590546	0
641274	302055	304639	0
102123	27155	27453	0
131811	112270	112529	1
