fromId	keyId	targetId	timeout
374625	670210	670763	0
378843	278874	279679	0
27129	732369	732869	0
876946	430296	431308	5
876946	579749	581096	3
598405	600205	607571	0
61121	995076	995491	3
117075	537755	538118	0
624980	189021	191401	0
117075	968194	969501	0
886098	365574	366918	0
624980	510950	512353	2
27129	555132	555320	0
1020133	552649	553941	1
964417	505464	505515	0
964417	742563	742859	0
671638	161719	162563	0
1040759	119903	120046	1
27129	902930	905208	0
27129	159436	160878	0
117075	1048142	1048453	0
374625	677825	679061	1
1040759	134092	134778	0
798431	631872	633398	0
1020133	644099	646173	1
624980	199757	199880	0
851350	214093	215323	1
374625	529207	531327	4
61121	486477	487557	0
657225	273416	274989	0
624980	612116	615247	2
598405	220109	221072	0
925168	213559	213739	0
876946	771846	772294	2
798431	518626	519666	0
876946	221695	222181	2
925168	71181	71283	0
225712	766291	766304	0
624980	563385	571195	2
876946	477132	477345	5
876946	268389	268770	4
378843	726994	727116	0
117075	603044	607571	0
378843	238864	238986	1
925168	966798	969501	0
323492	306016	306076	0
27129	959416	960974	1
61121	972020	976853	2
374625	985065	985974	2
624980	233101	237647	1
225712	133862	134778	0
1020133	419940	420469	0
1040759	914373	914893	1
657225	1002305	1002967	0
671638	641711	643586	1
378843	248473	249946	0
886098	912251	912394	0
657225	405111	405815	0
851350	424329	424541	0
1040759	524992	525184	5
61121	947593	947682	0
657225	706075	706307	0
876946	339724	341916	5
1020133	48624	50882	0
61121	676461	676976	0
798431	782862	785342	1
117075	158001	158919	0
598405	148498	149423	0
598405	215021	215323	1
876946	206001	207609	1
851350	239045	239497	0
117075	250508	252008	0
964417	495805	498420	2
598405	233975	237647	2
225712	76658	76909	1
1040759	268708	268770	0
1040759	480575	481797	0
624980	525185	526807	2
323492	443304	445869	1
323492	694373	694821	0
657225	151413	152478	0
876946	82021	83034	0
374625	847089	851350	1
1020133	227896	228625	0
117075	855626	856857	0
624980	478749	479954	0
598405	993158	995491	1
117075	986979	989899	1
61121	132327	132507	0
323492	806613	806794	0
61121	523531	523537	0
671638	158590	158919	0
323492	570388	571195	0
27129	104165	104652	0
876946	901039	905208	0
225712	824642	825407	0
1020133	710803	711452	1
323492	435629	437421	0
598405	1903	3790	1
117075	791427	791933	0
886098	168585	170646	0
117075	254986	255258	0
876946	790071	790293	3
61121	729398	730571	0
671638	894040	894583	0
27129	234328	237647	1
798431	675557	676143	1
624980	749441	750208	0
851350	628841	629887	0
1020133	646719	647567	1
117075	884259	885022	0
886098	302869	304639	1
671638	382526	383205	0
27129	763370	765652	0
624980	630624	630770	0
876946	381730	383205	5
671638	228763	229784	2
657225	667254	667499	1
27129	477449	479954	0
27129	370290	370308	0
1040759	895758	896184	2
964417	295539	296126	0
851350	495623	498420	1
1020133	804373	804403	2
598405	737664	737744	0
876946	166482	168114	1
225712	595321	596578	0
624980	142043	142046	0
378843	358615	359864	0
1020133	93220	94002	0
624980	266984	267886	0
798431	380654	381101	1
851350	310379	312091	0
598405	2484	3790	1
964417	1010840	1012464	0
886098	501567	502601	0
374625	212477	212676	1
225712	365873	366918	0
598405	33356	34514	0
598405	918023	919539	0
876946	589191	589565	2
624980	491498	492068	0
671638	522345	522408	0
378843	40639	40759	0
378843	399549	399686	0
657225	268262	268770	0
117075	794531	795326	1
61121	1041250	1042530	5
225712	758246	761194	0
1040759	807425	807477	1
1040759	437674	437880	0
323492	590885	591324	0
925168	735875	737744	0
886098	860644	861378	0
27129	723098	723648	0
225712	611161	611271	0
323492	551776	553941	0
61121	875626	875647	0
886098	353864	356213	1
798431	1034592	1039150	3
378843	910115	911364	0
851350	335550	337304	0
323492	703941	706307	0
671638	874954	875647	0
876946	17607	24233	2
624980	947431	947682	0
27129	360436	363419	1
374625	277421	277634	1
851350	396844	397329	0
374625	60800	61121	1
1020133	975063	976853	4
657225	277402	277634	0
323492	623876	624773	0
598405	660675	662550	0
886098	985592	985974	0
61121	778032	778081	1
886098	827630	828258	0
27129	272108	273352	4
886098	768026	768040	0
1040759	341589	341916	1
598405	1026325	1028002	0
27129	1042708	1043581	0
374625	556039	556214	4
925168	935897	936425	1
886098	65588	67471	0
374625	930036	931681	1
886098	773984	774028	0
925168	912677	913121	0
671638	1019960	1020133	0
378843	980045	984060	2
117075	180666	181588	0
61121	162980	163718	0
1020133	401145	401960	0
886098	1033609	1039150	1
117075	985709	985974	1
851350	257893	258030	0
598405	746723	750208	1
