fromId	keyId	targetId	timeout
111713	976309	976853	0
177600	569071	570375	12
762251	757415	762251	10
55604	632322	633398	2
55604	255668	256585	11
762251	718843	719558	5
43174	616378	618091	2
55604	723889	724387	1
43174	498286	498420	2
64515	94412	94902	3
703408	1001962	1002967	2
55604	347445	349547	10
111713	213022	213739	1
177600	276049	277634	9
64515	189215	193821	6
703408	955	3041	0
762251	931995	932232	7
55604	417619	418391	2
367336	103644	106939	12
762251	309612	310069	6
55604	203956	204141	7
268770	479730	480277	1
43174	302187	306706	8
268770	242837	244247	8
111713	359025	359864	1
762251	991286	991799	8
64515	368050	368188	5
268770	698136	700300	9
177600	645353	646173	9
268770	805339	807477	4
43174	454629	455336	1
177600	300700	306706	5
703408	927748	928731	3
177600	32750	34514	3
762251	208131	210869	14
367336	68276	68873	1
268770	568608	570375	8
177600	57373	58031	3
55604	818352	818396	1
43174	941139	944455	3
762251	460868	465452	4
111713	941593	944455	3
55604	987928	991799	5
111713	397805	401960	2
268770	937931	944455	11
64515	779787	780277	17
762251	791357	791933	0
367336	674537	676138	7
703408	303190	306706	15
268770	75118	76091	11
177600	962462	966144	24
703408	114552	114607	8
64515	842212	851350	27
268770	24772	27453	5
111713	960436	966144	26
64515	41731	43174	0
762251	483333	492068	5
703408	315107	315367	2
703408	326817	332157	7
64515	902953	905208	5
43174	771515	771689	1
268770	957242	958776	22
43174	961647	966144	23
268770	527381	528802	4
55604	427257	431308	2
64515	666893	667260	0
367336	622825	624773	0
64515	867316	872105	6
703408	775794	778081	2
703408	1008577	1009650	2
268770	985403	985974	9
268770	319011	319165	4
64515	281318	281657	1
55604	163663	163718	1
43174	786703	790320	6
111713	776298	778081	1
111713	149183	149423	2
367336	318553	319165	7
703408	795585	796204	1
111713	1029881	1030193	1
111713	665943	666514	3
111713	185668	186016	0
64515	1008358	1009650	1
177600	819449	821616	11
268770	220653	221165	6
762251	775288	778081	2
64515	388197	388598	7
64515	1026350	1030193	3
43174	285732	285834	6
55604	919372	919539	5
64515	407270	408160	13
55604	366293	367336	13
43174	646652	648336	2
111713	655120	657225	2
111713	952036	954834	12
268770	371727	372033	15
111713	216520	216883	1
177600	382915	383205	0
43174	420574	420795	2
268770	701916	703408	13
43174	103108	106939	2
268770	705967	707032	10
762251	31036	31961	5
177600	643531	643586	9
43174	143582	149423	5
111713	603890	607571	3
64515	748924	749409	14
64515	920407	920607	0
268770	442009	442735	3
111713	690432	691286	4
268770	349115	349547	11
177600	900394	905208	2
177600	394838	401960	4
367336	956205	958776	14
177600	332591	332707	2
762251	348423	349547	2
762251	547868	553941	15
111713	124496	125371	1
43174	305802	306706	7
177600	1014651	1016214	5
703408	974071	976853	0
43174	14368	16911	2
268770	323159	332157	10
111713	512870	513972	4
268770	517781	519666	0
268770	796559	798431	3
367336	548806	553941	10
703408	1037683	1040759	1
111713	379166	379940	0
762251	956371	958776	21
703408	737585	739081	2
55604	1008890	1009650	3
43174	600466	607571	1
703408	379478	379940	7
762251	268639	268770	4
177600	535028	538177	6
177600	473900	474019	4
268770	52983	54609	5
177600	388688	391364	3
43174	734296	739081	8
177600	137563	139146	4
703408	270538	271850	13
43174	994428	995910	2
64515	456234	457146	8
367336	1034378	1040759	2
762251	1002647	1002967	7
703408	387616	388598	4
55604	85619	90093	5
55604	637157	640199	3
111713	422205	424541	2
762251	206777	207609	10
43174	376611	376922	1
367336	464248	465452	2
268770	155817	157920	10
268770	954399	954834	20
111713	800141	802003	0
703408	263139	263199	12
703408	1019522	1020859	3
703408	670011	670082	8
111713	937107	937245	0
43174	416037	418391	3
43174	998701	1002967	4
762251	842810	851350	4
64515	292410	292738	2
703408	255021	255421	14
64515	846058	851350	27
177600	237034	237647	5
64515	328042	332157	6
64515	474575	475598	10
762251	612740	614437	0
177600	383994	385773	0
43174	100390	101892	0
762251	513986	519666	3
703408	160449	162563	7
367336	277876	281657	7
111713	524355	528802	8
367336	43997	48391	1
367336	188306	193821	15
111713	148828	149423	2
762251	695573	696859	3
43174	981851	983382	1
762251	327165	332157	12
703408	703122	703408	0
703408	444524	445869	1
703408	624265	624773	5
64515	1046412	3041	8
55604	352662	353698	11
367336	92524	92829	10
268770	946143	946150	8
177600	73368	76091	8
177600	345771	346588	0
55604	111370	111713	5
111713	820297	821616	0
268770	230201	230416	5
111713	927082	928731	3
762251	704501	707032	5
703408	486706	492068	2
