fromId	keyId	targetId	timeout
640199	78964	81421	0
521198	991466	991799	2
861931	913854	913882	0
857129	845314	851350	1
728973	841092	851350	3
7207	82573	83034	0
640199	86055	87060	0
437421	178481	179957	0
857129	280222	280260	0
479954	643755	643898	0
926831	528449	528802	0
739081	1027481	1028002	0
521198	767229	767879	1
706307	836421	836655	0
866689	1015449	1015557	0
640199	933289	933667	0
521198	736147	737744	0
445869	834361	834834	0
479954	284302	285454	1
31961	919673	920026	0
728973	203655	204141	0
912394	65121	67471	0
521198	766307	767879	1
437421	379753	379940	0
479954	264042	264473	1
857129	454753	455336	0
926831	671417	671525	0
861931	871944	872105	0
857129	130837	131196	0
479954	284987	285454	1
926831	1039615	1040759	0
861931	78944	81421	0
31961	365339	365538	2
706307	453011	455336	1
857129	149528	149971	2
437421	828577	830743	0
9550	634353	634784	0
445869	434809	435554	0
706307	154989	155559	0
728973	788730	788853	0
479954	305969	306076	1
739081	588695	589154	2
521198	399457	399686	0
437421	343143	345676	0
866689	256135	256243	0
861931	295222	296126	0
7207	607881	607909	0
866689	87445	89563	0
640199	699022	700300	0
857129	670702	670763	0
866689	286828	287175	0
640199	488181	492068	1
739081	1015072	1015557	0
445869	694705	694821	0
9550	91757	92257	1
913915	309765	309817	0
7207	573646	578227	2
479954	352515	352613	1
739081	812961	815460	0
437421	645464	646173	1
521198	398558	399305	0
739081	732335	732869	1
750208	844338	851350	1
861931	601334	607571	0
913915	286989	287175	0
640199	192816	193465	1
479954	674241	676143	1
479954	686813	689477	0
913915	375689	375967	0
913915	651485	652401	0
912394	361119	363419	1
445869	191500	192665	0
479954	578659	578665	1
739081	819521	820284	0
912394	582737	583792	1
9550	800211	802003	0
706307	293226	293288	1
640199	872071	872105	0
866689	500484	502601	0
750208	1047665	1048453	0
9550	331041	332157	0
728973	672436	673373	0
445869	10207	10639	0
31961	136215	136687	0
437421	618679	622093	2
861931	886366	886471	0
640199	213838	215323	2
445869	454671	455336	0
706307	619307	622093	1
479954	640733	641274	0
866689	599017	607571	1
445869	896915	897487	2
857129	331730	332157	0
9550	316194	316427	0
445869	839434	839684	0
857129	67341	67471	0
445869	620876	622093	0
7207	965504	966144	3
857129	797741	798431	0
479954	59877	60418	3
7207	204391	205624	0
739081	1000649	1001727	1
521198	410218	410762	0
912394	617696	617867	0
728973	247796	248234	2
706307	391524	391643	1
437421	472852	472959	0
866689	899988	905208	1
445869	204385	205624	0
479954	781037	782147	0
437421	643597	643898	1
866689	268816	268996	0
912394	323576	323986	0
640199	723998	724387	0
445869	998695	1000187	0
9550	862101	862978	0
479954	670014	670082	0
437421	1038816	1039150	0
912394	578366	578665	1
437421	519176	519666	0
913915	382798	383205	0
728973	394403	397329	0
739081	964021	964417	0
521198	835000	835390	0
640199	351989	352020	1
479954	827283	828258	0
521198	295758	296126	0
866689	875754	876946	0
728973	36201	38145	0
7207	299325	299782	0
31961	1046090	1048453	1
913915	539502	542285	0
640199	201050	202941	2
861931	664101	664483	0
739081	469634	470575	1
640199	649973	650149	0
9550	1011218	1012464	2
445869	810224	810428	1
728973	820507	821616	2
861931	855103	856857	2
445869	294878	296126	0
912394	1019584	1019868	0
7207	874518	874911	1
926831	659077	659296	0
31961	996297	1000187	0
7207	445173	445869	0
750208	133759	134778	0
437421	765658	765735	0
728973	118355	118661	0
437421	218907	221072	0
926831	585820	586117	1
31961	966701	969501	0
913915	920714	921851	0
521198	576170	578227	0
861931	168174	168232	0
706307	864391	865765	0
913915	182684	184483	0
861931	1029994	1030193	3
913915	573313	578227	0
640199	161274	162563	1
913915	207384	207609	0
521198	147095	149423	0
31961	235001	237647	0
31961	713575	713589	0
31961	1011930	1012464	0
31961	748626	750208	2
445869	1034645	1039150	1
9550	874377	874911	0
706307	804994	806794	0
866689	12598	13330	2
31961	129188	131196	1
857129	149775	149971	2
31961	541560	542285	0
750208	591352	591557	0
445869	41616	41679	0
7207	55097	55604	0
866689	548709	549972	3
750208	562495	562513	0
521198	372692	374625	0
7207	134044	134778	0
861931	177295	177863	1
728973	890804	892206	0
926831	713679	715133	0
926831	772986	774028	0
913915	8315	9550	0
866689	742647	742859	0
479954	691768	693176	0
912394	422502	424541	0
31961	601414	607571	0
912394	714816	715133	0
913915	410061	410762	0
521198	890849	892206	0
479954	990665	991464	0
521198	329781	330701	0
640199	795387	796204	0
912394	719931	720042	0
7207	965815	966144	3
