fromId	keyId	targetId	timeout
873236	980173	984060	1
177863	722848	723648	0
304639	351529	352020	0
926567	875288	875647	0
288828	915062	915149	1
610387	697957	700300	1
197817	197318	197477	0
873236	599498	607571	0
455375	972198	976853	2
288828	1006689	1009650	0
863975	65361	67471	0
229784	685309	689477	1
150166	723434	723648	3
279679	190592	191401	1
455375	91598	92257	3
304639	290940	292738	0
863975	1014884	1015557	0
958776	605501	607571	2
304639	827111	827146	1
288828	104010	104652	2
229784	124752	125214	1
610387	92477	92829	0
958776	747458	750208	1
1025369	508623	510670	0
1025369	982606	984060	1
304639	25087	27129	0
926567	727285	727646	0
958776	143965	145254	0
288828	621185	622093	0
455375	446796	448841	1
150166	37996	38145	3
279679	551727	553941	0
126237	701977	702175	0
197817	179624	179957	0
150166	434911	435554	0
863975	365015	365538	1
926567	894178	894583	0
455375	331115	332157	1
873236	840052	840560	1
774028	35219	35893	0
420469	143459	145254	0
126237	209153	210869	0
420469	734911	737744	0
926567	882154	883083	0
774028	369521	370171	0
177863	413238	414580	0
455375	252517	254307	1
1025369	372765	374625	2
926567	406126	406544	0
873236	64620	67471	1
455375	97923	99099	2
1025369	919334	919539	0
197817	1043239	1043581	0
177863	214122	215323	1
229784	210668	210869	2
177863	255307	255351	0
863975	815606	816250	3
610387	458309	458316	0
229784	549716	549972	0
1020859	374944	375278	0
126237	927612	927906	0
1020859	759721	761194	1
1020859	624500	624773	2
420469	1030112	1030193	0
229784	632817	633398	0
279679	423552	424541	0
863975	18982	24233	2
926567	812260	815460	0
150166	619922	622093	1
304639	606423	607571	3
1020859	305071	306076	0
1020859	772171	772294	1
288828	935377	935606	0
304639	876706	876946	0
958776	586311	587390	2
455375	599611	607571	0
177863	542118	542285	1
610387	927057	927250	1
926567	162098	162563	0
610387	724429	727116	1
1025369	100322	101892	0
288828	877950	878094	0
420469	628032	629887	0
126237	745818	750208	1
863975	511480	512353	1
774028	681235	682121	0
304639	342975	345676	0
420469	569225	571195	1
279679	277357	277634	2
420469	224272	225618	1
150166	747980	750208	4
279679	87363	89563	2
1020859	569922	571195	2
1020859	698812	700300	1
873236	633902	634784	4
420469	1020986	1023379	0
926567	160730	160878	0
455375	365465	365538	2
1020859	647224	647567	1
279679	183151	184483	1
150166	1034643	1039150	2
177863	1014204	1015557	0
873236	865257	865765	2
1025369	980629	984060	1
455375	338245	338304	1
288828	926392	926567	0
774028	898849	899578	1
150166	227483	228625	1
926567	580280	581096	2
150166	1012137	1012464	1
288828	661768	662550	0
926567	758014	761194	2
304639	324045	326335	0
126237	533026	533395	0
420469	39525	39534	0
420469	719617	720042	0
197817	332629	332707	0
774028	713047	713286	0
863975	855773	856857	3
926567	32744	33249	0
420469	610104	610387	0
420469	1125	3790	1
177863	11907	13330	0
288828	866206	866689	0
304639	327877	328277	0
926567	1010008	1012464	0
197817	391033	391364	0
126237	122486	123198	0
229784	735309	737744	0
229784	97964	99099	1
610387	362346	363419	0
1020859	866828	868630	1
455375	39353	39534	3
1020859	824774	825407	2
774028	1028378	1029343	1
774028	426496	429707	0
873236	294878	296126	0
1020859	198563	198943	0
774028	800255	802003	0
1020859	985732	985974	3
279679	583063	583792	0
774028	1006538	1009650	2
304639	606545	607571	3
1020859	740924	741908	1
610387	77483	81421	1
774028	63299	63452	0
610387	529107	531327	0
1020859	610927	611271	2
197817	889383	889666	0
420469	715653	715899	0
926567	361354	363419	1
455375	498003	498420	0
1025369	398754	399305	1
455375	369861	370171	2
863975	889160	889666	0
279679	964447	966144	0
420469	623161	624773	0
150166	211801	212676	1
288828	32336	32521	3
229784	830172	830743	0
1025369	1031501	1032148	0
304639	670320	670763	2
279679	555607	555642	0
126237	168024	168114	0
1020859	771631	771689	1
288828	443847	445869	1
279679	660501	662550	0
420469	862195	862978	0
958776	246153	247089	3
279679	370731	371634	0
126237	1029032	1029343	1
229784	7880	9550	3
1025369	567588	571195	1
197817	737573	737744	0
1020859	592722	596578	2
455375	108789	110457	2
1020859	93900	94002	0
958776	124627	125214	0
774028	300275	300709	0
229784	922714	923615	0
863975	637221	638842	1
126237	84664	85128	0
126237	136045	136687	0
610387	462398	464043	0
926567	616096	617117	0
288828	921790	921851	0
1020859	711470	712247	1
304639	455305	455336	0
455375	740650	741908	0
610387	177528	177863	3
279679	178052	179957	1
177863	255582	255675	0
1020859	843012	851350	3
863975	17008	24233	2
610387	745972	750208	1
1020859	544355	545298	2
279679	520705	521198	0
