fromId	keyId	targetId	timeout
630942	1001794	1002268	1
984393	164750	166042	0
527965	609950	609989	0
531935	312549	313252	0
889666	167828	168114	1
118661	261613	261950	1
1019868	761775	762060	1
889666	757206	757484	1
923615	519127	519666	0
984393	295407	296126	0
256243	179409	179957	0
118661	361217	363419	1
256243	607681	607909	0
630942	230982	231449	1
984393	1044474	1044951	1
1019868	1002623	1002967	2
492906	473860	474019	0
118661	628401	629887	0
630942	661769	662550	0
586117	533323	533395	0
806794	367628	367995	0
591557	783736	785342	0
806794	438136	438344	0
591557	917725	919539	2
492906	442875	443284	0
732039	705899	706307	0
923615	295486	296126	1
630942	795016	795326	1
492906	562204	562262	0
630942	441638	441779	0
630942	399611	399686	0
984393	1047099	1048453	1
630942	219957	221072	0
256243	612880	615247	1
889666	201205	202941	1
984393	461891	464043	0
531935	772817	774028	0
732039	752190	753387	3
804403	761676	762060	3
889666	743545	743657	0
923615	17347	24233	2
531935	754773	757484	2
923615	303648	304639	1
1019868	302502	304639	1
527965	347846	348855	0
806794	598661	607571	0
254520	960584	960974	1
118661	752394	753387	1
1019868	707614	711452	1
492906	832746	832999	0
586117	337003	337304	0
889666	774603	776080	0
806794	278988	279679	1
527965	52395	53455	0
630942	969518	970485	3
889666	693773	694184	1
823465	763557	765652	0
804403	849044	851350	0
256243	368779	370171	0
256243	516355	519666	1
586117	446474	446573	0
492906	725662	727116	0
591557	557254	557683	0
531935	346542	346588	0
591557	940455	942126	1
531935	567788	571195	1
823465	862545	862978	0
254520	846273	851350	1
889666	914958	915149	2
591557	1031330	1032148	0
923615	746890	750208	3
256243	948659	949586	0
804403	57855	58730	5
810848	481711	481797	0
806794	653831	654597	1
823465	558773	559477	1
1019868	963671	964417	4
118661	572487	578227	2
527965	13196	13330	0
492906	1015609	1016214	0
586117	452467	455336	0
984393	281725	282024	0
1019868	142398	142638	2
923615	365677	366918	1
810848	7551	9550	0
531935	60249	60418	0
199657	80159	81421	0
586117	559336	559477	0
732039	923513	923615	0
527965	200476	202941	1
1019868	758012	761194	1
527965	995928	996198	0
586117	961035	961350	2
889666	583304	583792	1
199657	177545	177863	1
810848	965400	966144	0
804403	582127	583792	3
732039	602187	607571	0
630942	671641	672032	0
199657	268345	268770	0
804403	967646	969501	0
492906	764133	765652	0
256243	731873	732039	0
118661	765834	766304	0
889666	685416	689477	1
591557	902599	905208	0
118661	81587	81597	0
732039	564051	571195	1
591557	563381	571195	2
492906	296496	297772	1
810848	680776	682121	1
199657	486380	487557	0
527965	747921	750208	1
118661	313028	313252	0
531935	349672	352020	0
256243	864285	865765	0
527965	501013	502601	1
806794	873537	873920	0
889666	346904	348855	0
531935	930417	931681	1
823465	548025	548225	1
630942	877453	877936	0
630942	100654	101892	0
527965	805109	806794	0
1019868	1001256	1001727	2
492906	888059	889666	0
923615	835732	836655	3
1019868	961082	961350	4
984393	915603	917216	2
199657	830982	832532	0
531935	822945	823465	1
256243	294835	296126	0
806794	798398	798431	3
254520	116829	117075	0
1019868	104894	106778	0
630942	976617	976853	3
531935	155789	156453	0
591557	518582	519666	1
889666	360101	363419	1
527965	695238	695538	0
254520	274941	274989	1
1019868	57163	57763	0
254520	1046684	1048453	0
527965	976084	976853	0
492906	663340	664483	0
630942	297880	299782	2
254520	534446	535002	4
630942	585450	586117	1
527965	137304	138649	1
118661	440987	441627	0
804403	256704	257489	2
256243	169335	170646	0
492906	586658	587390	0
586117	347394	348855	0
1019868	651664	652401	1
923615	855051	856857	3
804403	723922	724387	4
810848	886264	886471	0
732039	604922	607571	0
806794	126122	126237	1
732039	695405	695538	0
199657	132082	132507	0
118661	755956	757484	0
527965	805959	806794	0
923615	901300	905208	1
256243	104116	104652	0
806794	519388	519666	0
1019868	969683	970485	4
806794	850338	851350	0
586117	806558	806794	0
199657	122939	123198	0
118661	639147	640199	0
254520	924663	924989	0
254520	205868	207609	0
492906	196887	197477	0
984393	5592	6426	3
586117	450807	451797	0
586117	537064	538118	0
889666	11756	13330	0
118661	190896	191401	0
823465	347279	348855	0
806794	911738	912394	1
1019868	691317	693176	1
199657	414653	415924	0
889666	372440	374625	0
732039	184514	185445	1
256243	965375	966144	0
256243	703593	706307	0
118661	136372	136687	0
732039	924652	924989	0
256243	116674	117075	1
823465	272875	273352	2
804403	181420	181588	1
527965	615502	615704	0
492906	286390	287175	2
492906	688092	689477	1
531935	256865	257489	0
