fromId	keyId	targetId	timeout
177231	37100	38145	0
162563	420367	420469	0
210869	539030	539124	1
652401	690657	690857	0
776398	641670	643586	2
652401	240258	241047	0
162563	696255	696859	0
422020	175031	175354	0
210869	963423	964417	0
627076	555926	556214	0
177231	130803	131196	0
821616	360013	363419	1
446573	467904	470575	0
422020	47966	48391	2
742859	475722	476042	0
446573	58935	60418	3
64312	600946	607571	0
422020	573477	578227	1
892206	828888	830743	0
860321	536549	538118	0
627076	451692	451797	0
64312	423821	424541	1
255351	837978	838284	0
422020	987800	989899	0
702258	729471	730571	0
860321	987200	989899	1
64312	345984	346588	1
134778	368940	370171	0
134778	1018329	1018364	0
76909	955464	957165	0
860321	337015	337304	0
860321	464656	465452	0
627076	295345	296126	1
860321	731697	732039	0
652401	890431	892206	0
255351	898917	899578	2
892206	540117	542285	0
76909	894985	896184	0
860321	638335	638842	0
162563	452143	455336	0
702258	774285	774308	0
742859	900139	905208	0
162563	299199	299782	0
627076	212018	212676	0
892206	123928	125214	0
162563	564862	571195	1
742859	884379	885022	0
422020	1017176	1018364	0
702258	924865	924989	2
162563	223298	225618	1
627076	875784	876946	0
892206	743204	743657	0
162563	725985	727116	0
162563	277428	277634	0
776398	915000	915149	0
892206	156680	157920	0
64312	873678	873920	0
76909	65047	67471	2
76909	510184	510670	0
776398	640238	641274	2
652401	652923	653103	0
255351	349543	349547	0
162563	162318	162563	0
76909	171743	172078	1
162563	1004564	1009650	1
702258	936068	936425	1
134778	674825	676143	1
652401	887839	889666	0
210869	285221	285454	0
422020	772120	772294	0
134778	317325	319165	0
64312	530357	531327	1
177231	733169	737744	0
821616	193904	195934	0
134778	681115	682121	1
64312	500807	502601	1
892206	778942	780277	0
64312	121190	123198	1
76909	72996	73035	2
776398	317391	319165	0
177231	226433	226498	0
702258	916061	917216	3
177231	882354	883083	0
652401	314583	315068	0
255351	805983	806794	0
446573	280806	281017	1
652401	766749	767879	1
255351	1022307	1023379	0
892206	113158	113664	0
446573	454033	455336	0
627076	581369	583792	2
652401	378554	378843	0
134778	245264	245695	1
860321	482093	483867	0
776398	799019	799194	1
177231	713110	713286	0
64312	537192	538118	1
162563	671053	671293	0
652401	1029118	1029343	1
255351	875965	876946	1
64312	728654	728810	0
627076	41911	43174	0
422020	587235	587390	1
64312	883446	885022	0
892206	452055	455336	0
652401	932055	932103	0
177231	703447	706307	0
422020	377576	377694	0
446573	956122	957165	2
76909	216176	216445	0
76909	1040134	1040759	1
652401	566200	571195	1
134778	245195	245695	1
255351	188911	191401	0
446573	997682	1000187	3
627076	874078	874911	0
134778	214233	215323	3
64312	317908	319165	0
64312	676493	676976	0
422020	942876	944266	0
162563	167402	168114	0
821616	397881	399305	0
76909	903825	905208	0
64312	71213	71283	0
64312	238006	238986	1
860321	760032	761194	1
64312	139296	140443	0
892206	780823	782147	0
162563	588473	589154	0
422020	793289	795326	1
742859	608126	608892	0
210869	725755	727116	1
177231	530339	531327	2
652401	489153	492068	2
177231	33003	33249	0
134778	58156	58730	0
627076	296858	297772	1
422020	510329	510670	0
776398	618493	622093	2
162563	891078	892206	0
652401	952823	953197	0
446573	1014814	1015557	3
776398	682127	682176	1
821616	795091	795326	1
162563	511748	512353	0
742859	419242	420469	0
210869	114710	114787	0
776398	404420	404809	0
64312	124891	125214	1
776398	124967	125214	0
134778	229308	229784	2
177231	240321	241047	1
446573	913596	913882	1
76909	582226	583792	0
892206	11616	13330	0
652401	268823	268996	0
892206	800308	802003	1
860321	530848	531327	0
177231	883681	885022	0
177231	298254	299782	0
64312	819252	820284	0
860321	890840	892206	0
64312	762354	765652	1
892206	31262	31961	0
776398	830628	830743	0
742859	367529	367995	0
177231	444705	445869	0
776398	491867	492068	0
627076	751706	751979	0
892206	535450	538118	0
162563	95750	95908	1
892206	451363	451797	0
177231	829491	830743	0
64312	403915	404091	1
821616	150935	152478	0
446573	1038359	1039150	3
742859	563467	571195	1
742859	799362	802003	1
177231	3957	3978	0
162563	741922	742311	0
702258	243313	244119	1
860321	22577	24233	1
821616	770689	771016	0
134778	961992	964417	0
892206	203247	204141	0
446573	134387	134778	3
860321	864829	865765	0
210869	957293	958104	0
892206	123062	123198	0
422020	599686	607571	0
446573	642648	643586	0
422020	754782	757484	2
76909	576538	578227	0
776398	960696	960974	1
210869	471881	472226	0
134778	777662	778081	0
162563	429358	429707	0
