fromId	keyId	targetId	timeout
339686	735844	737744	2
237647	406946	408160	3
994191	245120	245830	1
768936	562772	563267	2
947266	976749	976853	1
786381	1171	3041	4
287175	181884	182109	1
237647	436819	437421	2
768936	140667	142046	3
860219	862006	862978	0
875647	419910	420469	6
994191	999149	1000187	0
504141	534637	535002	0
875647	315771	316427	1
875647	852996	853058	3
786381	578916	581096	1
860219	692519	693182	2
768936	833630	834327	3
90485	922367	923615	0
90485	44645	45960	0
786381	589970	590546	1
947266	301989	304639	1
237647	539109	542285	1
768902	630503	630942	2
339686	525832	526807	1
237647	674009	676138	0
339686	1006460	1009650	0
875647	772911	774028	3
768902	267842	267886	1
994191	943602	944266	3
768902	932762	934390	1
237647	130670	132507	5
860219	25149	27129	0
994191	232856	237647	0
329327	806306	807477	1
339686	1028508	1029343	0
287175	131352	132507	5
994191	522815	523537	0
450080	609863	609989	0
90485	170052	170646	0
339686	1016962	1018364	1
875647	477715	479954	3
339686	624346	624980	6
237647	537743	538118	0
768902	1019365	1020133	2
947266	184075	186016	4
339686	908865	909414	0
504141	208399	208458	2
768902	165525	166042	0
875647	966223	970485	1
994191	317611	319165	1
450080	763339	765652	0
237647	771463	771689	1
450080	606367	607909	1
329327	324147	326335	5
287175	544843	545171	3
786381	1016884	1018364	5
450080	695351	695538	0
875647	454306	455336	3
786381	830028	830743	0
329327	817528	820284	3
768902	351816	352613	3
504141	627267	627409	4
450080	266073	267886	4
860219	916879	917216	0
450080	196653	197477	4
329327	209766	210869	6
994191	344701	346588	1
994191	1008488	1009650	0
329327	393043	394309	3
450080	125821	128401	1
994191	386302	387499	0
768902	918385	920026	1
860219	466295	467177	7
768902	963943	966144	1
504141	356323	359864	2
947266	937278	937784	5
860219	434419	437421	8
329327	202246	202941	8
90485	402399	402582	1
860219	154852	155606	5
237647	38633	40539	2
947266	59608	60418	0
860219	540828	542285	5
768936	133691	135423	2
786381	590604	591557	2
768936	574584	578227	0
786381	984109	984545	4
947266	74505	76909	6
860219	9301	9550	0
237647	967971	970485	3
768936	242028	242213	0
450080	724016	727116	1
994191	253352	254520	1
768936	731143	737744	2
860219	71908	73808	2
339686	1043470	1044272	1
947266	983034	984060	2
339686	1029362	1029789	0
786381	829773	830743	0
339686	85594	87060	0
450080	659316	662550	0
860219	738099	738897	6
768936	829268	830743	3
450080	336293	338304	5
947266	780312	782147	2
994191	33102	34514	1
786381	610166	610387	0
786381	225343	225378	1
786381	74563	76909	1
994191	273187	273352	0
768902	774078	774208	0
994191	699112	700385	2
339686	25979	27129	0
786381	454612	455336	0
339686	260634	261410	1
947266	796017	796204	1
768936	113166	113664	1
450080	441237	441627	4
90485	516661	517644	4
287175	390133	394309	2
786381	973689	976853	1
994191	557955	559477	1
90485	496029	497083	4
237647	1044938	1044951	1
339686	395156	397329	1
947266	515501	516056	1
339686	991860	994191	3
504141	931236	931681	1
450080	909316	909414	0
329327	377744	378843	3
450080	6787	7207	0
450080	266068	266071	3
875647	342980	346588	2
947266	862440	862978	0
875647	603310	607909	7
768936	355017	356213	1
287175	290707	292738	0
786381	633881	634784	1
875647	379733	381101	3
786381	407477	408160	0
768936	749295	749409	0
875647	56449	58031	1
860219	931639	931681	7
768902	975080	976853	1
786381	4334	4563	0
947266	724417	727116	0
768902	751582	751979	2
994191	887804	889666	2
875647	144859	145254	1
947266	132845	133308	2
994191	16605	23146	2
768902	728045	728810	4
947266	709890	712247	1
329327	49587	50882	4
786381	727092	727116	4
768936	608802	609544	1
450080	510283	510670	0
237647	351917	352613	1
237647	995392	995491	2
994191	878859	880778	3
450080	583019	583792	1
339686	183405	186016	2
860219	559973	561988	7
287175	689904	690624	0
994191	804782	807477	3
947266	275182	277634	1
994191	380624	381101	0
450080	164161	164730	2
994191	563291	571195	3
329327	252631	254520	4
329327	519225	519666	0
339686	1036801	1039150	0
90485	306039	306076	0
237647	1002399	1002967	2
339686	109251	110457	0
875647	809245	810740	4
786381	688765	689477	0
339686	1037526	1039150	0
947266	69231	70085	1
860219	522111	523537	6
339686	695610	696859	2
947266	642149	643586	0
329327	265521	266071	6
504141	91190	92257	1
786381	130241	132507	4
237647	432749	437421	3
90485	504507	505596	5
786381	63001	63567	1
994191	23646	27129	1
90485	681218	682121	0
860219	196305	197477	6
768902	299960	299986	2
860219	464293	467177	8
287175	286646	287175	0
994191	523429	523537	0
329327	777119	778081	5
