fromId	keyId	targetId	timeout
257489	1019848	1019868	0
339686	740196	741908	1
768936	1037955	1039150	0
875647	773900	774028	5
557683	815948	816250	0
213739	772891	774028	3
237647	835954	836655	1
90485	1025766	1026318	0
676143	639475	640199	2
237647	903621	905208	0
90485	568173	571195	3
257489	511364	512353	0
237647	591436	591557	1
786381	306636	306706	0
504141	789613	790293	1
768902	419128	420469	0
768902	305903	306076	0
860219	737158	737744	0
768902	660889	662550	0
257489	460195	461652	0
786381	772584	774028	0
557683	982464	984060	1
786381	900745	905208	0
90485	777255	778081	3
90485	332659	332707	1
297772	609044	609544	0
768902	925821	926567	0
504141	868601	868630	0
237647	820213	820284	1
504141	841259	851350	2
875647	497018	498420	1
860219	582637	583792	0
213739	530528	531327	0
557683	691724	693176	0
297772	441303	441627	0
504141	443821	445869	1
339686	1045455	1045819	0
297772	508675	510670	0
90485	831955	832532	2
257489	402469	402582	0
768936	899202	899578	1
768936	516140	519666	1
860219	677528	679061	1
768902	501180	502601	0
257489	81057	81421	0
237647	174378	175354	0
768936	353737	356213	1
204141	261649	261950	0
768936	753320	753387	0
768902	172279	172509	0
676143	750215	751979	0
504141	703091	703408	0
860219	707650	711452	0
676143	908411	908793	1
450080	896956	897487	2
329327	388397	388514	0
297772	152551	153643	2
237647	985269	985974	2
90485	69725	70085	0
287175	560473	561988	0
204141	821105	821616	2
204141	668843	669267	0
257489	960684	960974	1
786381	352096	352613	0
768936	895364	896184	0
204141	69228	70085	0
339686	364282	365538	0
237647	160087	160878	0
213739	138981	139146	1
297772	66086	67471	0
768936	921599	921851	0
947266	630400	630770	0
947266	360013	363419	1
860219	495550	498420	1
287175	95368	95908	0
768936	209754	210869	0
947266	614764	615247	0
204141	672385	673373	0
768936	433432	435554	0
329327	614563	615247	0
90485	719712	720042	1
450080	29851	31961	1
557683	589829	590546	0
768902	615220	615247	0
257489	985174	985974	0
213739	700083	700300	0
339686	167115	168114	0
237647	266400	266680	0
504141	246544	247089	0
329327	259457	260029	0
875647	275341	277634	1
875647	411342	411540	0
287175	292380	292738	0
204141	396562	397329	0
860219	469341	470575	0
339686	78692	81421	0
768902	234633	237647	1
257489	512839	512923	0
204141	233329	237647	0
450080	959501	960974	3
287175	441203	441627	0
297772	380574	381101	0
875647	499607	502601	0
287175	949707	949877	0
768902	582512	583792	0
676143	688296	689477	0
768902	488648	492068	0
875647	879794	880570	0
450080	136665	136687	0
297772	410234	410762	0
860219	880761	880778	0
339686	750335	751979	1
504141	706587	707032	0
237647	992843	992878	1
297772	119071	119730	0
450080	249413	249946	1
287175	602698	607571	0
329327	420969	421167	0
450080	249054	249946	1
504141	16212	16911	0
786381	413866	414580	0
786381	891125	892206	0
287175	704674	706307	0
768902	142003	142046	0
213739	582986	583792	0
213739	584420	584836	0
90485	202805	202941	0
339686	57693	57763	0
768936	112641	113664	0
450080	999666	1000187	0
297772	740550	741908	0
329327	79563	81421	0
450080	939824	942126	1
339686	787704	788853	1
257489	575309	578227	1
339686	191742	192665	0
329327	616848	617117	0
297772	50760	50882	0
237647	757260	757484	0
339686	121853	123198	0
450080	328532	329327	0
90485	368680	370171	3
557683	108261	110457	0
557683	480088	480277	0
204141	783196	785342	1
90485	755749	757484	4
339686	47277	48391	3
860219	196645	197477	0
875647	386755	387499	0
947266	143278	145254	1
860219	107030	110457	0
557683	88040	89563	0
875647	561223	561988	0
204141	513562	513972	0
287175	799608	802003	1
947266	705911	706307	0
557683	62191	63452	0
947266	648902	650149	0
287175	687568	689477	0
237647	74565	76091	0
860219	276227	277634	0
676143	518650	519666	0
860219	194775	195934	0
237647	101750	101892	0
768902	57160	57763	0
329327	614370	615247	1
768936	878625	880570	0
329327	15550	16911	1
257489	50974	51185	1
875647	471061	472226	0
557683	371604	371634	0
297772	937576	937784	0
875647	791142	791269	4
676143	790744	791269	0
237647	26386	27129	0
504141	318552	319165	0
213739	947269	947682	2
947266	971400	976853	1
339686	360961	363419	1
676143	467712	470575	0
257489	353011	353698	1
297772	249131	249946	0
257489	358583	359864	1
329327	144196	145254	0
329327	445614	445869	0
287175	82073	83034	0
257489	593988	596578	0
287175	280521	281017	3
875647	783508	785342	4
504141	957357	958104	0
257489	900583	905208	0
768902	250497	252008	0
90485	405373	405815	3
339686	1009401	1009650	0
450080	157854	157920	0
450080	118535	118661	0
860219	463676	464043	0
