fromId	keyId	targetId	timeout
745230	222827	222975	9
372033	370524	372033	3
231248	86601	90093	9
157920	1002286	1002967	0
110457	556358	557799	10
157920	820497	821616	0
182521	794157	796204	4
372033	414910	418391	9
157920	156604	157920	0
117898	829064	832532	6
117898	57029	58031	4
155559	532501	532626	4
372033	597712	598015	0
152478	953282	954834	25
231248	346295	346588	13
258968	514872	519666	3
745230	684079	691286	8
285454	238441	238942	16
258968	923616	924989	3
372033	448030	448841	0
422017	706742	707032	8
285454	1018085	1020859	9
157920	20182	23146	7
422017	596667	598015	1
919539	72740	76091	2
422017	751057	751979	8
919539	906059	907033	4
155559	140245	140443	6
117898	933307	933667	13
372033	625127	625158	0
155559	418347	418391	10
285454	468343	470575	2
117898	308962	309308	1
117898	236431	237647	4
285454	907626	908372	12
110457	203441	204141	1
231248	685604	691286	7
231248	966590	969501	29
422017	308401	308939	4
117898	290762	292738	2
117898	817234	818271	5
745230	559500	559848	7
258968	467843	470575	0
117898	203995	204141	1
258968	513367	513972	0
1009650	953096	954834	16
152478	551673	553941	13
117898	748643	749409	0
258968	48970	50882	3
152478	286587	290401	13
258968	1016849	1016963	2
231248	428062	431308	13
422017	6401	7207	5
745230	57019	58031	8
285454	242787	244247	18
919539	531225	531849	14
919539	690307	691286	3
231248	442095	442735	7
285454	846051	851350	6
155559	565896	570375	8
117898	448617	448841	3
919539	433557	437421	11
182521	142698	149423	15
1009650	719062	719558	6
155559	299827	299986	6
182521	470648	472812	1
258968	812419	815460	4
1009650	920807	921851	3
745230	287994	290401	2
919539	586156	589154	13
117898	530618	531849	1
258968	933547	933667	3
157920	919010	919539	1
607909	950942	954834	19
607909	399657	401960	6
422017	657723	657790	3
182521	241681	242213	6
152478	374164	374625	14
372033	191995	193821	3
117898	506003	506330	0
372033	716484	719558	5
372033	991720	991799	4
1009650	945779	946150	3
152478	894244	896184	17
157920	321417	322260	1
155559	497147	498420	5
231248	688612	691286	7
285454	137174	137461	16
372033	303106	306706	5
182521	88720	90093	13
152478	864655	865765	9
1009650	335946	338304	3
1009650	768942	771016	1
258968	150458	152478	2
117898	371353	372033	3
182521	87392	90093	13
372033	320486	322260	2
152478	406597	406610	4
607909	709430	711452	6
285454	154025	155559	16
231248	760364	762251	8
152478	330887	332157	2
745230	603388	607571	5
422017	142101	142276	8
285454	795038	796204	4
117898	913926	914893	17
182521	349671	353698	11
285454	574572	578227	6
285454	673152	673538	8
285454	48227	48391	10
155559	645739	646173	4
285454	834999	835390	4
422017	685857	691286	8
157920	444092	445869	0
285454	524491	528802	10
117898	104222	106939	7
919539	353851	354873	6
231248	874930	877936	7
110457	530930	531849	4
1009650	495187	498420	4
231248	552247	553941	4
745230	461653	465452	7
745230	286895	290401	3
372033	495275	498420	3
1009650	498954	502601	3
607909	889863	892206	0
182521	220020	221165	7
157920	157881	157920	0
152478	608925	609989	8
110457	319015	319165	2
285454	957691	958776	21
258968	845678	851350	6
919539	635356	636019	14
231248	119244	120046	10
1009650	63468	63849	9
110457	457700	458000	2
372033	51173	51185	4
422017	553316	553941	12
157920	411302	411540	9
745230	268090	268770	1
745230	70511	76091	15
607909	991171	991799	2
231248	286874	290401	8
182521	811389	815460	1
182521	193693	193821	0
372033	427971	431308	7
422017	366188	367336	4
155559	99308	101892	20
152478	834274	835390	8
157920	850674	851350	0
155559	502194	502601	5
372033	49899	50882	4
258968	162297	162563	2
231248	881014	892206	20
1009650	5836	7207	1
117898	902553	905208	14
745230	327874	332157	7
155559	859817	860321	2
919539	816328	816935	21
745230	84156	90093	6
919539	803442	804403	19
745230	1007402	1009650	9
117898	972537	973996	14
152478	693301	694184	0
372033	232965	237647	6
372033	809934	810848	2
110457	17184	23146	5
285454	524335	528802	10
285454	767924	768040	3
1009650	505908	505997	2
155559	430131	431308	0
258968	1008617	1009650	3
1009650	348087	349547	2
155559	805263	807477	2
155559	104963	106939	7
157920	392814	401960	8
182521	85605	90093	13
1009650	126257	131196	8
155559	755623	762251	3
231248	741742	742311	6
607909	780408	782147	0
231248	994991	995910	9
258968	913964	914893	9
745230	1031956	1032148	0
157920	232360	237647	0
258968	671850	672032	2
1009650	978951	979430	5
919539	845673	851350	23
117898	508651	510670	0
110457	36083	38145	4
919539	500740	502601	11
155559	635282	636019	3
155559	40409	40539	4
372033	651269	652401	0
152478	238366	238942	3
285454	643587	646173	6
607909	187607	193821	15
