fromId	keyId	targetId	timeout
408160	901307	905208	0
133668	976851	976853	0
133668	252776	254307	0
136687	392116	394309	0
937245	591241	591324	2
937245	369763	370171	0
442735	165120	166042	0
133668	370094	370171	0
149971	630446	630770	1
149971	231481	231678	1
149971	312022	312091	0
379940	735561	737744	1
894583	664653	664877	0
85128	989061	989899	2
484818	127092	128401	0
946651	666589	667499	1
408160	113761	114607	0
937245	868903	869327	3
133668	204648	205624	0
792224	244646	244745	2
442735	982941	984060	1
85128	502326	502601	0
484818	459253	461652	3
136687	435056	435554	0
792224	73159	73808	0
106778	210866	210869	0
607571	307336	307895	1
484818	61696	63452	0
484818	159971	160878	0
484818	160812	160878	0
473349	296999	297772	2
442735	45921	45960	3
584836	913177	913882	1
473349	397468	399305	1
473349	69463	70085	3
133668	1043872	1044951	1
442735	422427	424541	0
584836	573608	578227	0
85128	288705	288828	0
408160	269454	269522	1
894583	387990	388514	0
408160	710932	711452	0
379940	972635	976853	1
792224	1020752	1020859	0
473349	117493	117898	2
442735	709988	711452	0
133668	731650	732039	0
442735	697989	700300	0
584836	387870	388514	0
408160	194775	195934	0
149971	108210	110457	2
946651	559513	559848	0
85128	704663	706307	1
894583	604299	607571	1
937245	129773	131196	1
133668	502093	502601	1
442735	462347	464043	0
584836	795045	795326	0
149971	560675	561988	2
473349	780027	780277	0
136687	831726	832532	2
584836	815872	816250	0
792224	790458	791269	0
408160	783572	785342	0
894583	274876	274989	1
379940	843695	851350	4
133668	11108	13330	0
473349	208749	209004	0
136687	59772	60418	0
937245	159863	160878	0
937245	494573	495042	0
937245	863576	863975	3
408160	325256	326335	0
149971	652885	653103	1
937245	1010214	1012464	0
584836	931305	931681	1
106778	366452	366918	2
584836	216691	216883	0
607571	328573	329327	1
607571	919578	920026	0
937245	122429	123198	1
106778	651723	652401	0
937245	789581	790293	2
946651	135550	135601	1
149971	544640	545298	1
136687	330099	330701	0
106778	8461	9550	0
136687	737359	737744	0
442735	858490	860219	1
607571	487617	492068	0
584836	341605	341916	0
136687	525950	526807	0
584836	817495	818271	0
894583	792730	795326	1
149971	90028	90370	3
136687	549680	549972	0
133668	203646	204141	0
937245	510950	512353	1
607571	369129	370171	0
584836	357033	359864	1
136687	304535	304639	0
379940	747557	750208	1
408160	208935	209004	0
792224	954322	954834	0
894583	758324	761194	0
894583	108309	110457	0
408160	777311	778081	0
85128	614225	615247	1
946651	127647	128401	1
584836	976159	976853	2
792224	878632	880570	3
85128	602849	607571	1
473349	37283	38145	3
85128	442157	442735	0
894583	401834	401960	0
792224	593300	596578	1
607571	227527	228625	2
442735	952638	953197	0
607571	717595	719330	0
133668	474907	474961	0
442735	902593	905208	0
106778	60040	60418	0
894583	149650	149971	0
946651	853445	853530	0
894583	662521	662550	0
584836	119495	119730	0
473349	281385	281657	2
149971	689383	689477	3
408160	663565	664483	0
85128	767274	767879	0
85128	157108	157920	0
792224	486289	487557	0
792224	608432	608892	0
792224	579972	581096	2
133668	632418	633398	0
946651	210818	210869	0
136687	559973	560259	0
946651	472354	472812	1
584836	80045	81421	0
946651	136852	138649	2
442735	431522	432312	0
106778	353018	353698	1
442735	514016	515586	0
484818	499172	499381	0
894583	933972	934390	0
792224	109995	110457	0
408160	1001174	1001727	0
149971	633580	634784	1
484818	508522	510670	0
133668	650560	652401	0
584836	611069	611271	0
473349	670823	671293	0
408160	481778	481797	0
149971	412005	413052	0
85128	292062	292738	0
792224	664997	665069	0
894583	84751	85128	0
894583	332705	332707	0
106778	100007	101892	0
946651	109599	110457	1
106778	58829	60418	0
408160	293495	293817	0
792224	824794	825407	0
408160	643041	643586	0
607571	308562	308939	1
149971	174524	175354	0
937245	923272	923615	3
946651	230125	230416	0
937245	590573	591324	2
937245	627288	629887	2
607571	1025512	1026318	0
106778	838097	838284	0
937245	47955	48391	3
473349	663110	664483	0
894583	460982	461652	0
937245	930218	931681	3
473349	619684	622093	0
894583	839889	840560	0
946651	778983	780277	0
133668	222841	222975	0
484818	226773	227022	5
792224	305384	306076	0
607571	51595	53455	2
442735	490618	492068	0
894583	127347	128401	0
584836	647187	647567	0
607571	142855	145254	0
408160	994808	995491	0
85128	492981	495042	0
584836	1022832	1023379	1
584836	418253	418391	0
149971	739887	741908	4
484818	959932	960974	3
106778	129674	131196	0
894583	937126	937245	0
473349	769207	771016	0
408160	596733	598015	0
