fromId	keyId	targetId	timeout
877936	55441	55604	7
539124	162970	163718	1
932232	470307	470575	0
877936	1014026	1016214	1
216883	152735	153570	16
877936	698755	700300	8
1016963	146356	149423	0
877936	867900	872105	9
557799	804700	807477	22
662550	475654	476082	2
216883	358944	359864	2
1016963	107911	110457	0
216883	824138	825407	4
662550	299935	299986	4
662550	43710	48391	1
877936	472715	472812	0
1016963	891729	892206	7
676138	422823	424541	3
932232	93984	94902	11
662550	861480	865765	15
539124	983879	984060	0
557799	473040	473237	6
216883	231190	231248	0
1016963	44059	48391	1
932232	379023	379105	7
676138	875073	877936	2
539124	92090	92829	2
557799	621936	624773	1
539124	242789	244247	6
383205	846899	851350	6
676138	676663	676976	0
932232	535134	538177	1
1016963	269185	269522	4
557799	911058	912394	9
557799	1032857	1040759	12
932232	419421	420469	0
557799	147266	149423	0
216883	94806	94902	27
1016963	900048	905208	4
662550	154881	155559	7
557799	246813	248234	2
557799	390312	391364	5
539124	761567	762251	19
932232	813956	815460	28
1016963	892098	892206	7
539124	81331	81597	5
1016963	827894	828435	5
662550	783739	785342	3
557799	581883	583792	0
932232	91339	91946	9
216883	717979	719558	4
662550	663443	665442	3
557799	11102	16911	8
383205	13679	16911	1
539124	38891	39534	1
216883	254487	255421	3
216883	103283	106939	29
1016963	705155	707032	6
877936	19967	23146	1
539124	704312	707032	8
216883	1004932	1005439	10
877936	252393	255421	4
676138	26380	27453	4
216883	347065	349547	10
877936	326311	332157	10
216883	121494	123198	16
676138	783136	785342	2
539124	921211	921851	3
932232	571033	571279	7
676138	834184	835390	2
932232	222136	222181	8
557799	995200	995910	6
877936	803530	804403	7
932232	1024289	1026318	3
1016963	480535	481797	7
216883	461562	465452	4
557799	297154	297772	4
662550	683440	691286	6
676138	431250	431308	3
1016963	29404	31961	1
383205	709308	711452	0
383205	354803	354873	3
1016963	798670	799194	10
539124	95802	99099	4
676138	420	3041	3
557799	1024384	1026318	7
557799	568711	570375	0
1016963	64506	64515	0
557799	883145	892206	17
932232	292331	292738	4
216883	731176	739081	10
1016963	197692	197817	2
383205	517823	519666	3
662550	139736	140443	4
557799	504472	505997	10
662550	918640	919539	15
877936	770423	771016	7
383205	47769	48391	1
539124	126406	131196	6
557799	932234	932242	5
662550	12619	16911	3
662550	64508	64515	0
662550	848417	851350	12
662550	48993	50882	0
662550	348227	349547	3
383205	362595	365538	4
383205	681022	682424	2
662550	805977	807477	8
1016963	48643	50882	0
557799	677147	679061	1
539124	674207	676138	3
676138	633734	634784	5
932232	645258	646173	2
877936	36992	38145	2
676138	275771	277634	10
216883	325539	332157	8
216883	92365	92829	27
539124	966258	969501	22
932232	784987	785342	20
557799	805091	807477	22
557799	912847	914893	11
932232	763863	765652	20
662550	784015	785342	3
383205	354541	354873	3
877936	40119	40539	2
557799	657540	657790	2
877936	730523	730571	10
1016963	263772	264473	1
662550	994341	995910	4
557799	123467	125371	2
676138	43191	48391	4
662550	305852	306706	6
383205	115301	117075	3
539124	233933	237647	4
557799	716996	719558	4
662550	199449	199657	5
877936	653636	654959	5
877936	970851	973996	17
216883	598417	607571	3
662550	590660	591324	1
216883	804411	804532	6
877936	303447	306706	2
1016963	557791	557799	12
539124	564604	570375	5
1016963	636732	640199	6
877936	631642	633398	4
1016963	91856	91946	3
557799	926347	926831	6
932232	373531	374625	7
932232	699728	700300	8
1016963	1026948	1030193	3
216883	573758	578227	4
557799	677577	679061	1
383205	441886	442735	4
383205	485289	492068	1
932232	811446	815460	28
676138	306797	308324	7
383205	971821	973996	3
676138	692889	694184	2
676138	292562	292738	11
676138	551137	553941	13
676138	617662	618091	6
932232	902061	905208	13
676138	1008196	1009650	2
216883	570191	570375	4
877936	411555	413052	5
539124	631764	633398	0
877936	546454	553941	24
662550	278930	281657	5
932232	832082	832532	28
676138	827561	828435	2
877936	57740	58031	8
539124	959515	966144	26
383205	360747	365538	5
216883	8455	9550	9
662550	102927	106939	2
383205	699245	700300	0
539124	598080	598177	7
676138	925496	926831	2
676138	18004	23146	4
662550	449350	450080	4
216883	184288	185445	15
676138	267997	268770	10
1016963	351185	353698	8
539124	556251	557799	1
539124	678714	679061	3
383205	173380	175354	1
932232	756898	762251	20
877936	330590	332157	3
676138	758124	762251	3
1016963	871007	872105	6
932232	8819	9550	1
676138	393006	401960	7
216883	1010902	1012464	7
216883	220301	221165	1
216883	852300	852858	7
216883	893643	896184	7
