fromId	keyId	targetId	timeout
28048	898694	899487	7
332707	242755	244247	7
332707	387786	388598	1
625158	27903	28048	3
332707	262034	263199	7
672032	96978	99099	10
625158	811778	815460	15
625158	957836	958776	5
28048	662329	662550	3
359898	304464	306706	4
742311	752937	762251	5
28048	686993	691286	8
28048	526401	528802	7
1045821	56391	58031	1
625158	776934	778081	10
672032	421445	422017	0
742311	20523	23146	2
672032	421220	422017	0
625158	166875	168361	2
332707	246407	248234	6
332707	866010	866689	8
672032	484424	492068	18
359898	349900	353698	10
359898	659001	662550	3
28048	1047947	3041	10
742311	689333	691286	5
359898	894784	896184	10
625158	718421	719558	2
1045821	306382	306706	4
672032	20862	23146	6
1045821	609178	609989	1
28048	567367	570375	0
332707	375608	375967	0
359898	973944	973996	7
1045821	995207	995910	1
28048	375583	375967	3
742311	625153	625158	1
672032	368184	368188	7
625158	188345	193821	5
359898	339720	341078	10
28048	488584	492068	14
28048	183653	185445	1
28048	659465	662550	3
359898	302006	306706	4
625158	19294	23146	4
359898	247871	248234	2
1045821	46478	48391	0
28048	540565	553941	31
359898	674436	676138	1
28048	654580	654959	3
332707	667706	670082	15
625158	532186	532626	5
28048	104268	106939	7
359898	922063	924989	8
625158	694436	695538	2
625158	797417	798431	14
28048	455638	457146	1
28048	361987	365538	5
742311	128903	131196	6
742311	634532	634784	1
625158	645090	646173	0
332707	955548	958776	18
1045821	3469	3790	0
672032	168511	170646	1
359898	343178	345676	14
332707	913553	914893	6
742311	7298	9550	1
1045821	288923	290401	19
625158	135172	136687	2
625158	663051	665442	3
359898	669120	670082	2
742311	900135	905208	11
625158	450944	451797	0
625158	871523	872105	3
625158	773300	774028	10
332707	420434	420469	8
28048	847061	851350	3
332707	782707	785342	8
625158	869051	872105	5
672032	777726	778081	3
359898	161395	162563	2
359898	79276	81597	4
359898	478261	480277	5
672032	244858	245695	3
672032	335407	338304	11
672032	447444	448841	0
28048	649470	652401	3
672032	936980	937245	2
359898	207017	207609	3
1045821	857142	860321	2
672032	22726	23146	6
1045821	925304	926831	1
359898	790407	791933	20
625158	320407	322260	6
28048	645868	646173	2
359898	838168	838284	24
672032	479348	480277	5
28048	965155	966144	25
1045821	839605	839684	2
1045821	137003	137461	6
28048	1029686	1030193	3
742311	32286	34514	2
332707	557107	557799	15
625158	945389	946150	3
28048	217678	221165	3
625158	460236	465452	2
359898	697741	700300	5
1045821	710779	711452	4
742311	275572	277634	7
332707	918553	919539	5
742311	164890	168361	4
742311	205377	207609	11
28048	223038	225378	1
672032	662279	662550	9
742311	509220	510670	1
742311	863466	865765	4
742311	145442	149423	6
359898	649681	652401	3
332707	700477	703408	7
672032	342057	345676	14
332707	587804	589154	6
332707	495377	498420	4
625158	740944	742311	2
332707	202254	204141	23
742311	416803	418391	7
625158	231392	231449	7
1045821	263570	264473	28
672032	257626	258030	8
625158	954621	954834	3
359898	493786	495042	0
625158	624481	624773	5
332707	425153	426107	7
672032	116777	117075	10
359898	620464	624773	7
742311	860360	861378	3
28048	2375	3041	7
332707	283877	285454	8
742311	483651	492068	4
625158	522098	522408	3
332707	653558	654959	11
1045821	279838	281657	21
28048	454280	455336	1
742311	320967	322260	3
359898	923717	924989	7
1045821	69453	70085	2
359898	737482	739081	4
28048	255212	255421	2
332707	360175	365538	2
359898	1016597	1016963	6
332707	987972	991799	9
742311	981199	983382	8
625158	981437	983382	3
359898	44056	48391	3
742311	511980	512353	1
625158	592073	598015	5
359898	838082	838284	24
28048	515041	519666	4
28048	263948	264473	1
28048	203456	204141	2
359898	635830	636019	1
28048	1005914	1009650	3
28048	481596	481797	9
625158	70476	76091	6
672032	37672	38145	7
672032	665309	665442	9
625158	38618	39534	3
359898	634139	634784	1
332707	323533	332157	23
359898	477792	480277	5
28048	148801	149423	4
625158	776867	778081	10
1045821	503490	503721	4
742311	456188	457146	5
625158	771898	772294	10
672032	881217	892206	8
625158	961796	966144	4
359898	570870	571279	6
28048	279717	281657	2
359898	500368	502601	0
28048	447876	448841	1
28048	454236	455336	1
359898	693383	694184	3
742311	635263	636019	1
28048	1002949	1002967	2
28048	84755	90093	4
28048	907975	908372	6
672032	1046107	3041	7
1045821	287699	290401	20
672032	502862	503721	3
28048	830626	832532	1
28048	394556	401960	7
625158	504888	505997	5
332707	841341	851350	7
28048	227929	228625	0
359898	744493	744681	2
1045821	404410	406102	13
359898	457593	458000	5
