fromId	keyId	targetId	timeout
408499	614312	614437	5
408499	18769	23146	1
332157	829970	832532	6
293817	983953	984060	2
91946	531406	531849	5
408499	37050	38145	0
91946	309529	310069	2
242213	458637	465452	4
470575	268828	269522	10
319775	744886	745115	12
470575	852042	852858	28
470575	454958	455336	7
992036	577716	578227	1
438344	1028549	1030193	6
438344	599152	607571	1
1044272	166250	168361	11
91946	508131	510670	2
992036	641902	643586	1
319775	577285	578227	3
470575	388075	388598	8
470575	542246	553941	22
242213	300879	306706	2
1044272	386965	388598	4
992036	1008578	1009650	0
928818	451029	451797	6
723648	448598	448841	1
928818	273603	274989	14
319775	569074	570375	6
928818	541787	553941	36
1044272	915508	917216	11
438344	498420	498420	1
1044272	254555	255421	15
992036	246828	248234	3
242213	355419	359864	5
1044272	256824	257489	14
332157	834266	835390	7
408499	283614	285454	5
91946	123134	123198	0
319775	302674	306706	17
91946	397827	401960	7
928818	941949	944455	3
992036	19148	23146	1
928818	19842	23146	10
332157	432729	437421	2
992036	261760	261950	2
319775	419103	420469	2
91946	494918	495042	2
332157	893586	896184	5
1044272	281930	282024	0
319775	917530	917619	4
91946	670162	671293	11
91946	439477	441627	4
408499	833462	833608	8
470575	302415	306706	12
1044272	1029863	1030193	7
242213	426659	431308	3
470575	1007318	1009650	9
992036	75996	76091	7
408499	1043292	1043581	5
992036	332326	332707	6
928818	887234	892206	13
242213	786950	790320	5
470575	179125	182521	14
408499	852482	852858	12
723648	198311	198450	1
332157	361303	365538	7
332157	967587	969501	3
293817	46626	48391	0
438344	7579	9550	3
992036	424916	426107	2
91946	1038339	1040759	7
293817	262748	263199	24
1044272	142746	149423	17
319775	707851	711452	8
438344	2370	3041	3
470575	318143	319165	13
242213	1010382	1012464	2
293817	249293	249946	22
332157	210951	211368	19
723648	1041221	1042530	4
438344	821319	821616	2
319775	402356	403237	1
293817	136521	136687	4
928818	170070	170646	14
470575	78212	81597	10
992036	753510	762251	19
319775	15118	16911	10
319775	841029	851350	2
293817	442042	442735	8
91946	204846	207609	6
723648	90602	91946	0
438344	659569	662550	1
438344	624125	624773	0
992036	644884	646173	1
408499	260611	261950	4
319775	539004	539124	5
332157	500872	502601	4
1044272	396925	401960	8
992036	944783	944860	8
293817	563923	570375	6
319775	252144	255421	20
723648	1036434	1040759	6
242213	931955	932232	1
91946	600568	607571	3
293817	676083	676138	3
242213	86939	90093	12
332157	615886	618091	10
1044272	634675	634784	6
992036	857921	860321	9
723648	287266	290401	5
408499	167838	168361	5
928818	677495	679061	15
293817	212427	213739	16
928818	72079	76091	10
438344	199702	201347	12
319775	623696	624773	1
992036	227693	228625	1
992036	169561	170646	5
928818	959977	966144	6
723648	47614	48391	0
91946	538422	539124	9
293817	471337	472812	6
1044272	18892	23146	1
242213	419172	420469	1
438344	860792	861378	1
242213	762373	765652	24
928818	647906	648336	7
332157	953662	954834	17
242213	571591	578227	7
438344	531669	531849	5
438344	259465	260422	5
408499	272169	274989	4
332157	292770	293470	21
723648	781918	782147	12
242213	428252	431308	3
408499	471262	472812	1
992036	965990	966144	25
438344	256464	256585	3
408499	470812	472812	1
408499	407898	408160	13
1044272	842472	851350	10
91946	196722	197817	6
1044272	363771	365538	1
319775	456845	457146	0
319775	622968	624773	1
1044272	858522	860321	7
1044272	674863	676138	5
470575	502692	503721	3
319775	498624	502601	5
992036	246526	248234	3
408499	848466	851350	12
242213	504295	505997	5
438344	282763	285454	6
293817	498694	502601	2
992036	560167	561988	14
332157	397547	401960	2
470575	1009926	1012464	9
992036	765436	765652	18
242213	822299	823465	0
91946	67693	68873	9
928818	289036	290401	14
293817	847691	851350	3
723648	234287	237647	5
470575	915325	917216	11
928818	282597	285454	15
319775	968144	969501	27
1044272	553474	553941	14
470575	659786	662550	1
723648	567430	570375	17
242213	218216	221165	13
408499	786035	786042	4
1044272	938894	944455	9
332157	283323	285454	21
242213	343235	345676	13
438344	961016	966144	25
992036	577427	578227	1
332157	705139	707032	6
1044272	317387	319165	0
470575	604449	607571	2
91946	113358	114607	1
242213	1001589	1002967	3
242213	142720	149423	4
438344	401180	401960	5
242213	559382	559477	11
408499	226140	226498	3
91946	103133	106939	2
470575	292517	292738	10
242213	53314	54609	1
408499	816990	818271	8
293817	943389	944455	2
438344	197421	197817	12
91946	629418	630770	6
242213	283052	285454	1
1044272	952424	954834	19
408499	878031	878094	15
319775	281049	281657	15
332157	493474	495042	3
