fromId	keyId	targetId	timeout
180469	219609	221072	0
328277	871220	872105	0
641434	325243	326335	0
905962	230436	231678	3
611381	871612	872105	2
180469	327619	327710	0
676138	443278	443284	0
641434	198267	198450	5
549972	724079	727116	3
549972	932900	934390	1
328277	386194	387499	3
905962	465951	467177	1
905962	399336	399686	0
549972	667733	669267	0
932232	34592	35030	0
557799	263058	263199	0
405815	589853	590546	0
557799	704894	706307	0
549972	46364	48391	0
328277	656043	657225	7
216883	894583	894583	5
549972	49777	50882	0
807542	31133	31961	1
180469	167003	168114	3
180469	574946	578227	0
549972	364957	365538	0
807542	17508	23146	2
877936	1037647	1039150	0
905962	945172	946242	1
877936	1340	3041	0
676138	446345	446573	0
877936	60875	63567	2
557799	1045132	1045819	1
328277	324865	326335	4
905962	4066	4563	0
383205	848114	851350	0
641434	576956	578227	1
216883	170478	170646	3
807542	260782	261410	2
662550	247111	248234	1
877936	648462	648696	0
1029789	116260	116703	0
662550	316584	319165	0
905962	290184	290401	1
1029789	209052	210869	2
1029789	132914	133308	1
611381	238998	241047	3
662550	364079	365538	1
662550	210160	210869	6
611381	1017129	1018364	5
557799	681445	682121	2
947682	73217	73808	5
549972	103730	104652	1
180469	119495	119730	6
905962	307165	308324	2
877936	113990	114607	1
662550	567341	571195	6
180469	486011	492068	2
676138	327207	327710	0
549972	374539	374625	0
676138	419849	420469	0
180469	378185	378843	1
383205	257140	257797	4
905962	293556	293817	2
383205	831776	833608	4
383205	761595	762251	1
180469	622285	624980	1
676138	1016233	1018364	1
611381	606062	607909	3
807542	1036931	1039150	0
905962	444971	445869	2
549972	87386	90093	1
807542	858459	859840	0
1029789	92568	94002	2
383205	993612	994191	1
383205	936162	936425	0
947682	848855	851350	0
905962	77143	81421	4
405815	378798	378843	1
932232	567132	571195	1
905962	198080	198450	7
383205	311795	312091	2
405815	870584	872105	0
662550	542389	545171	3
611381	857242	859840	1
405815	843146	844119	0
557799	1025747	1026318	0
383205	848006	851350	0
216883	789666	790293	2
1029789	948511	949659	2
611381	214352	215127	7
180469	699489	700385	3
611381	907884	908372	3
947682	720079	722433	0
383205	1013187	1018364	4
905962	407048	408160	1
328277	854639	856857	0
932232	793367	794879	0
549972	239162	241047	1
877936	846228	851350	3
877936	123933	125214	1
1029789	305099	306076	0
180469	984296	984545	4
807542	924774	924989	3
641434	1005991	1009650	1
905962	544394	545171	5
405815	762500	765652	1
216883	331903	332157	0
557799	491278	492068	1
676138	977174	984060	2
216883	1005095	1009650	7
549972	590558	591557	1
641434	463657	464043	2
676138	666055	667260	2
216883	664377	664483	0
1029789	642210	643586	3
807542	256680	257797	3
1029789	960974	960974	1
611381	674286	676138	0
676138	842504	844119	0
676138	1026790	1028002	0
611381	701026	702175	1
328277	331325	332157	0
947682	212340	212676	0
807542	913884	913915	3
932232	731131	737744	2
877936	142072	142276	1
932232	846180	851350	1
216883	861884	861931	3
557799	1023579	1024057	0
405815	495261	495341	0
641434	628419	630942	3
180469	373129	374625	3
557799	388860	389728	5
676138	514237	516056	1
641434	444947	445869	4
180469	505101	505596	2
383205	986869	989899	1
328277	143855	145254	7
641434	869371	872105	1
877936	662927	664483	0
905962	340170	340970	1
676138	388141	388514	0
641434	549530	549972	1
549972	529864	532626	4
905962	763568	765652	0
405815	777204	778081	0
549972	991507	991799	4
216883	454893	455336	1
328277	123673	125214	3
662550	39779	40539	0
383205	285188	285614	4
180469	264751	265451	2
905962	730928	737744	2
807542	772374	774028	3
905962	695827	696859	1
1029789	784949	785386	2
905962	410482	413052	3
383205	148698	149423	2
905962	526772	526807	4
180469	994768	995491	3
328277	68810	68873	3
905962	905027	905208	0
549972	899246	899487	0
549972	642320	643586	0
611381	987758	989899	4
641434	310671	312091	1
807542	609474	609544	0
216883	298611	299782	0
662550	931471	931681	0
676138	451942	455336	0
557799	795805	796204	1
328277	203358	207609	3
611381	370025	370308	4
877936	800720	802003	0
405815	311695	312091	0
328277	281206	281657	5
383205	389718	389728	0
1029789	432964	437421	3
405815	455117	455336	0
328277	556557	557799	1
405815	82430	83034	0
557799	1027741	1028002	0
557799	387104	387499	4
383205	800304	802003	0
1029789	319315	319466	0
1029789	643167	643586	3
905962	598828	607909	2
611381	707235	712247	3
676138	421272	422017	0
557799	367760	367995	4
877936	475143	476042	2
641434	295505	296126	2
662550	352486	352613	1
180469	86143	87060	6
549972	67920	68873	0
383205	891587	892206	0
