fromId	keyId	targetId	timeout
156453	339678	339686	2
244119	345860	346588	1
950173	16893	23146	7
156453	175025	175354	0
953197	198884	199265	4
655085	569307	571195	3
244119	18671	23146	2
683826	695625	696859	0
326466	288600	288828	4
950173	443389	444077	8
227622	370756	371634	0
830743	802495	804403	2
953197	52654	58031	4
683826	341678	346588	4
213321	471926	472226	5
950173	658336	658390	11
227622	115605	116703	1
138649	115456	116703	4
213321	45771	45960	3
326466	541740	542285	1
227622	661238	662550	4
830743	299597	299782	0
326466	893671	894583	0
227622	463292	464043	1
655085	322053	323492	4
953197	476368	477345	0
156453	614222	614437	1
156453	733685	737744	2
213321	197285	197477	0
790293	798507	799194	0
3908	549409	549972	0
3908	1021184	1023379	0
953197	464225	467177	2
138649	996881	1000187	2
244119	686634	689477	2
326466	919272	920026	1
655085	809242	810740	1
156453	142541	142598	2
683826	630545	630942	4
326466	1033879	1039150	6
138649	984000	984060	6
326466	39554	40539	3
156453	330435	330701	2
655085	453441	455336	1
3908	356969	359864	1
683826	199074	199265	2
950173	58634	58730	4
244119	187502	193821	3
958293	12745	13330	0
326466	714477	716312	8
683826	57382	58031	3
958293	558885	559477	3
830743	732875	737744	2
830743	710331	712247	3
683826	43646	45960	1
3908	838539	838922	2
138649	372058	374625	2
326466	422374	424541	1
953197	200463	201347	3
138649	590759	591557	4
683826	125424	128401	2
790293	777375	778081	2
683826	517042	517644	2
244119	999335	1000187	1
244119	284185	285614	1
958293	813563	815460	6
683826	680603	680935	3
953197	982052	984060	1
213321	165503	166042	0
683826	985274	989899	7
958293	909508	910106	1
790293	159807	162563	1
830743	562210	562262	2
213321	794149	794879	0
953197	653162	654597	4
244119	179698	180469	1
958293	937774	937784	3
958293	318297	319165	0
655085	796663	799194	1
683826	192227	193821	8
830743	227531	227622	0
326466	591295	591557	4
958293	221917	222181	2
227622	439459	440160	1
958293	491620	492068	2
213321	644421	646173	3
683826	623198	624980	4
3908	81981	83034	0
958293	325582	326335	2
227622	822889	823465	2
138649	41662	41679	3
227622	372872	374625	0
953197	374681	375967	2
156453	177649	180469	2
326466	568619	571195	3
830743	674345	676138	2
326466	1031671	1032148	5
830743	818563	820284	2
953197	261255	261410	1
953197	373458	374625	0
830743	966146	970485	3
958293	670354	670763	4
244119	243027	243146	0
213321	572736	578227	3
156453	926378	927250	2
655085	239437	241047	4
950173	597491	598177	13
3908	46497	48391	2
326466	692190	693182	5
950173	870218	872105	9
950173	76213	76909	5
950173	47072	48391	4
227622	832995	833608	7
655085	865489	865765	1
3908	847191	851350	3
655085	217805	218544	3
227622	409901	413052	2
244119	368097	368460	2
958293	166673	168114	0
156453	285207	285614	2
227622	193903	195934	4
830743	378739	378843	1
950173	820231	820284	14
326466	1021107	1023379	5
3908	450739	455336	2
213321	289391	290401	1
138649	371000	371634	2
953197	492602	492906	0
830743	350711	352613	4
138649	476922	477345	1
3908	173178	175354	0
953197	469244	470575	0
227622	947831	949659	3
958293	862096	862978	6
830743	170971	171644	0
3908	387189	387499	0
244119	459259	461652	1
138649	717292	719330	3
950173	876453	876946	9
227622	156392	156453	2
326466	464659	467177	3
958293	563457	571195	5
213321	547855	549972	4
953197	741605	742859	5
138649	116877	117075	4
655085	90963	92257	2
326466	902456	905208	0
244119	53863	58031	3
138649	416490	417194	2
213321	509344	510670	6
958293	876314	876946	5
213321	965697	966144	0
138649	732959	737744	4
3908	646661	647753	2
790293	1007516	1009650	0
227622	53109	58031	11
790293	261086	261410	1
156453	483375	483867	0
655085	900125	905208	5
790293	292299	292738	0
138649	728425	728810	3
227622	224964	225378	1
156453	867314	868630	0
326466	940627	942126	2
790293	957877	958104	0
213321	820276	820284	0
227622	729291	737744	7
227622	895509	896278	1
156453	76084	76909	1
830743	1012160	1012464	2
326466	391441	394309	1
830743	111930	112529	0
958293	635084	636019	4
950173	747744	749409	12
326466	32147	32521	2
156453	150933	152478	2
138649	924454	924455	2
326466	911444	913882	2
213321	18940	23146	4
830743	352745	353698	3
950173	513910	516056	10
156453	916282	917216	0
683826	536145	538118	2
683826	157473	157920	2
953197	663371	664483	1
830743	778672	780277	2
953197	935181	935606	11
244119	139946	142046	4
830743	872657	875647	3
655085	763450	765652	2
830743	902798	905208	0
213321	742743	742859	0
156453	816494	816935	0
3908	137050	137461	0
156453	773210	774028	2
958293	808965	810740	5
227622	241541	242213	0
