fromId	keyId	targetId	timeout
927983	20492	24233	2
615704	29470	31961	1
264473	820849	821616	0
135423	416809	417194	0
676976	199485	199657	1
296126	855364	856857	0
160878	5326	6426	2
633398	395216	397329	0
571279	868481	868630	0
135423	609676	609989	0
296126	331027	332157	0
615704	381027	381101	1
630770	453756	455336	0
946150	365718	366918	0
927983	384037	385773	0
633398	1034965	1039150	1
676976	3014	3790	1
135423	421574	422017	0
264473	840835	851350	3
676976	540617	542285	2
927983	811073	811796	0
682121	241770	242213	3
634893	263089	263199	0
634893	197511	197817	1
296126	381904	383205	0
633398	63965	64312	0
571279	124995	125214	0
135423	497630	498420	0
571279	422992	424541	0
296126	530401	531327	0
670763	798697	799194	0
682121	457358	458000	0
266071	204125	204141	0
633398	923724	924455	0
927983	460159	461652	0
896278	741806	741908	0
676976	741846	741908	1
927983	319783	322260	2
634893	163305	163718	0
633398	835722	836655	1
571279	908783	908793	2
946150	65843	67471	2
682121	783005	785342	2
670763	515830	519666	2
670763	1003617	1003913	0
296126	862815	862978	0
571279	135399	135423	0
264473	356500	359864	0
160878	106403	106778	1
896278	634844	634893	0
927983	128176	128401	0
896278	219362	221072	0
630770	871363	872105	0
634893	755199	757484	0
160878	181310	181588	1
160878	518259	519666	0
266071	703432	706307	0
946150	781920	782147	0
634893	378972	379105	0
670763	383699	383969	0
676976	191316	191401	1
571279	148920	149423	0
571279	826757	827146	0
630770	21025	24233	2
266071	917919	919539	2
670763	295051	296126	0
512353	912748	913121	0
266071	168483	170646	0
296126	858359	860219	1
896278	436110	437421	0
615704	1006478	1009650	0
896278	982697	984060	1
682121	282635	283843	1
160878	11645	13330	2
670763	567860	571195	3
296126	153874	155559	0
633398	175029	175354	0
633398	528894	531327	4
946150	269075	269522	0
633398	799380	802003	0
946150	415465	415924	0
160878	92074	92257	1
296126	772559	774028	0
633398	17901	24233	2
512353	405687	405815	0
135423	213753	215323	3
266071	619476	622093	1
135423	1037880	1039150	0
266071	899009	899578	1
160878	227715	228625	0
927983	778337	780277	0
266071	994904	995491	0
512353	36150	38145	0
946150	690566	690624	0
682121	261762	261950	1
135423	502291	502601	0
296126	821033	821616	0
634893	686127	689477	0
633398	92272	92829	0
630770	146639	149423	0
160878	557026	557683	0
296126	150835	152478	0
296126	217023	217610	1
266071	566093	571195	1
682121	574073	578227	1
633398	569205	571195	5
676976	338265	338304	1
512353	314477	315068	0
296126	1017417	1018364	0
676976	528200	528294	2
296126	6236	6426	0
160878	440449	441627	0
264473	972916	976853	1
160878	854260	856857	0
634893	829044	830743	0
633398	159434	160878	0
266071	971525	976853	1
670763	153007	153643	1
615704	975387	976853	1
296126	865319	865765	0
670763	781719	782147	0
896278	504347	505515	0
571279	844908	851350	1
946150	494372	495042	0
266071	335781	337304	0
634893	975000	976853	0
264473	726853	727116	0
676976	845840	851350	4
296126	878302	880570	0
634893	864862	865765	0
266071	127802	128401	0
927983	675758	676143	1
633398	781706	782147	0
630770	140217	140443	0
946150	378886	379105	0
296126	948675	949586	0
160878	651319	652401	0
296126	622408	624773	1
266071	21431	24233	1
634893	503793	504141	2
571279	819933	820284	0
927983	376584	376922	0
160878	123264	125214	1
135423	667298	667499	0
927983	673321	673373	0
634893	230484	231449	3
946150	891610	892206	0
670763	740947	741908	0
682121	596899	598015	0
160878	357067	359864	0
135423	722588	723648	0
630770	335158	337304	1
571279	62584	63452	0
896278	926518	926567	0
571279	687892	689477	0
633398	918799	919539	0
676976	536311	538118	2
512353	33583	34514	0
296126	662411	662550	0
296126	555537	555642	1
264473	220299	221072	1
264473	399604	399686	0
633398	820127	820284	0
630770	357694	359864	1
630770	325475	326335	1
160878	889893	892206	0
528294	771060	771689	0
264473	804146	804403	0
670763	101629	101892	0
633398	747496	750208	1
682121	586014	586117	1
503721	306616	306706	0
634893	746198	750208	1
927983	445051	445869	0
946150	279879	280260	0
615704	761586	762060	4
927983	287467	288828	0
503721	1037650	1039150	0
946150	42682	43174	2
682121	862590	862978	0
630770	449737	450080	0
615704	227756	228625	7
927983	690372	690624	0
264473	312008	312091	0
630770	629804	629887	1
896278	347939	348855	1
615704	515262	515586	1
670763	233905	237647	2
615704	227741	228625	7
670763	427301	429707	0
682121	549545	549972	0
630770	664097	664483	0
135423	102719	104652	0
160878	63635	63849	1
135423	969506	970485	0
676976	18546	24233	2
503721	250641	252008	0
