fromId	keyId	targetId	timeout
263199	1027964	1030193	16
832532	428569	431308	3
954834	848681	851350	1
63849	97295	99099	17
832532	831861	832532	0
432312	869904	872105	1
832532	915358	917216	0
316427	986816	991799	4
745115	397799	401960	5
266680	427095	431308	9
316427	480408	481797	0
35893	251409	255421	11
832532	260205	260422	2
745115	465079	465452	6
561988	540005	553941	31
63849	321473	322260	1
954834	534478	538177	6
832532	860565	861378	0
561988	194116	197817	9
954834	326948	332157	15
35893	858462	860321	4
561988	860293	860321	2
263199	949531	950468	25
193821	775899	778081	23
263199	525568	528802	9
432312	756714	762251	8
954834	686007	691286	11
316427	231538	237647	12
316427	232163	237647	11
745115	902225	905208	14
561988	936163	936425	0
561988	645816	646173	2
954834	809151	810848	7
266680	516407	519666	4
266680	20068	23146	6
35893	588466	589154	1
193821	990939	991799	2
35893	190265	193821	6
316427	277706	281657	17
561988	696380	696859	3
266680	163047	163718	7
432312	282171	285454	6
193821	336522	338304	5
745115	487888	492068	7
63849	666397	666514	0
832532	174492	175354	1
432312	505293	505997	3
266680	667425	667499	7
63849	367070	367336	5
266680	470640	472812	3
63849	114996	117075	4
193821	153747	155559	2
35893	34113	34514	2
263199	41966	43174	4
561988	57998	58031	0
193821	688256	691286	4
266680	75492	76091	11
316427	760640	762251	2
432312	5825	7207	4
954834	296392	297772	3
832532	573999	578227	7
954834	461469	465452	2
832532	867278	872105	3
35893	732318	739081	9
745115	870712	872105	9
63849	59172	61121	1
954834	214436	216883	4
561988	559386	559477	4
832532	800039	802003	8
745115	155556	155559	10
263199	228546	228625	14
432312	423905	424541	4
745115	143935	149423	12
832532	251524	255421	6
266680	178459	182521	9
745115	186580	193821	10
832532	596551	598015	6
432312	789496	790320	3
832532	424965	426107	2
263199	104707	106939	5
35893	674610	676138	6
193821	414628	418391	6
35893	632623	633398	3
63849	381780	383205	6
561988	369957	372033	13
193821	440212	441627	10
561988	614916	615247	1
832532	153633	155559	1
561988	391984	401960	12
745115	358072	359864	2
954834	121309	123198	5
266680	496376	498420	4
63849	506238	506330	10
954834	419516	420469	7
35893	701991	703408	7
263199	974314	976853	9
35893	603227	607571	2
266680	381809	383205	1
745115	1593	3041	0
266680	878895	892206	25
316427	464963	465452	0
432312	588525	589154	0
432312	127158	131196	3
263199	247235	248234	5
832532	139793	140443	0
832532	814075	815460	8
832532	79725	81597	7
832532	15575	16911	1
63849	264979	266680	3
263199	631215	633398	3
432312	624238	624773	0
745115	1007754	1009650	13
63849	809924	810848	25
432312	730721	739081	13
954834	825077	825407	6
954834	673869	676138	10
745115	265182	266680	3
266680	727804	730571	9
561988	998734	1002967	8
263199	225169	225378	7
954834	156263	157920	3
316427	492759	495042	1
832532	429767	431308	1
63849	251723	255421	11
63849	958500	958776	11
63849	395013	401960	12
266680	141284	142276	8
63849	950502	954834	14
561988	535210	538177	5
954834	145804	149423	2
193821	561759	561988	7
432312	938371	944455	4
745115	456526	457146	6
266680	267513	267886	0
316427	54408	54609	3
63849	205904	207609	10
561988	1010745	1012464	6
263199	209079	210869	6
63849	238008	238942	6
832532	178651	182521	6
35893	881523	892206	18
35893	924974	924989	2
316427	186535	193821	4
263199	686149	691286	7
432312	504411	505997	3
745115	443628	445869	9
316427	130851	131196	1
745115	961414	966144	36
266680	18916	23146	6
266680	253774	255421	12
561988	903031	905208	0
63849	856075	856857	0
745115	802818	804403	3
316427	601747	607571	0
63849	902701	905208	5
35893	511796	512353	1
35893	824521	825407	8
954834	907823	908372	0
263199	221262	221871	7
561988	334190	338304	12
561988	735547	739081	6
954834	529908	531849	3
266680	413113	418391	12
35893	727177	727646	4
316427	462804	465452	1
954834	483218	492068	6
316427	79951	81597	5
193821	664751	665442	2
263199	741930	742311	5
193821	173713	175354	3
63849	813985	815460	25
432312	468092	470575	0
266680	374315	374625	1
193821	518390	519666	0
263199	324699	332157	7
35893	281247	281657	4
63849	175953	176813	2
832532	291047	292738	3
193821	72644	76091	4
193821	452879	455336	7
193821	32122	34514	5
266680	402570	403237	8
316427	866329	866689	9
745115	467668	470575	6
263199	218066	221165	10
832532	625304	627409	10
35893	519862	522408	5
35893	987543	991799	7
745115	264716	266680	3
954834	663549	665442	10
832532	923050	924989	2
432312	942360	944455	2
316427	994580	995910	3
954834	789875	790320	3
193821	753987	762251	20
745115	996969	1002967	15
263199	996074	1002967	14
