fromId	keyId	targetId	timeout
933667	838001	838284	0
48391	306894	308324	3
40539	370561	372033	7
715133	241003	242213	10
839000	968121	969501	1
40539	336616	338304	7
839000	464589	465452	3
839000	182241	182521	11
40539	862495	865765	2
839000	56000	58031	5
309308	339687	341078	5
309308	699127	700300	8
309308	376124	376922	5
40539	421706	422017	6
839000	587631	589154	3
48391	824825	825407	4
715133	821079	821616	0
40539	488606	492068	20
99099	451973	455336	5
309308	300314	306706	6
715133	269242	269522	11
40539	225398	225712	14
309308	721669	722433	7
40539	753728	762251	8
839000	943955	944455	3
839000	348925	349547	11
48391	822586	823465	4
99099	894967	896184	7
48391	540818	553941	30
933667	92872	93002	0
40539	763112	765652	4
309308	806897	807477	6
839000	392267	401960	8
309308	83688	90093	15
933667	675995	676138	0
309308	613939	614437	3
839000	381652	383205	3
309308	822437	823465	6
933667	713167	713589	3
40539	755988	762251	7
99099	827317	828435	23
715133	840506	851350	3
933667	430929	431308	0
40539	741315	742311	6
48391	977570	979430	1
933667	783727	785342	4
839000	251806	255421	16
48391	619404	624773	5
715133	425769	426107	15
715133	754293	762251	4
48391	398692	401960	5
48391	660275	662550	7
99099	950314	950468	3
933667	327609	332157	11
40539	1739	3041	1
309308	101467	101892	26
933667	709102	711452	2
933667	133669	134778	4
933667	55928	58031	1
48391	552949	553941	11
309308	250189	255421	6
99099	63826	63849	5
48391	287410	290401	4
99099	322442	322963	0
839000	544376	553941	20
99099	72639	76091	5
715133	200080	201347	15
839000	985844	985974	1
839000	475177	475598	3
99099	505367	505997	11
99099	39156	39534	3
839000	917958	919539	0
839000	755791	762251	6
933667	113224	114607	1
839000	73006	76091	15
48391	18309	23146	2
309308	700187	700300	8
933667	654631	654959	4
933667	1914	3041	9
839000	333429	338304	24
715133	64645	67678	6
40539	387357	388598	8
48391	951252	954834	25
40539	571575	578227	1
99099	254619	255421	3
839000	113051	114607	7
48391	756877	762251	3
48391	759335	762251	2
309308	750152	750208	3
715133	390305	391364	14
48391	144997	149423	3
40539	49669	50882	0
933667	143431	149423	3
40539	675453	676138	5
48391	409943	410762	5
40539	271926	274989	14
933667	69720	70085	0
99099	1016090	1016214	3
839000	452669	455336	3
99099	807998	810848	22
40539	857070	860321	3
40539	537721	538177	6
48391	341127	341916	7
309308	1000469	1002967	3
839000	318210	319165	17
99099	687953	691286	4
715133	150767	152478	9
933667	325851	332157	13
40539	35990	38145	1
99099	542144	553941	25
309308	218500	221165	12
48391	815040	815460	4
933667	398179	401960	9
715133	414035	418391	19
715133	369780	372033	20
99099	943248	944455	4
933667	1021542	1023379	1
48391	223313	225378	10
839000	164075	168361	21
40539	424924	426107	7
715133	652379	652401	4
839000	203144	204141	12
99099	531131	531849	7
48391	389027	391364	4
933667	785085	785342	4
40539	733395	739081	8
839000	52195	54609	4
48391	413701	418391	6
99099	347004	349547	2
839000	585451	589154	5
309308	994033	995910	2
48391	964815	966144	35
933667	14303	16911	11
309308	141881	142276	1
933667	1026529	1030193	8
309308	562473	563209	7
309308	598870	607571	4
839000	153903	155559	13
40539	157777	157920	8
40539	915823	917216	0
40539	852040	852858	0
933667	184263	185445	3
933667	31109	31961	0
715133	714993	715133	0
48391	136213	136687	0
48391	233850	237647	5
309308	785834	786042	4
48391	773646	774028	2
99099	832913	833608	24
933667	616780	618091	3
839000	1005579	1009650	3
839000	471268	472812	4
99099	54844	55604	3
99099	622978	624773	8
48391	217443	221165	13
40539	761402	762251	5
715133	304033	306706	14
40539	101030	101892	24
99099	924077	924989	4
933667	385151	385773	7
933667	997554	1002967	3
933667	285385	285454	4
933667	893501	896184	7
715133	825924	828435	2
715133	570170	570375	6
839000	713290	713589	3
40539	591712	598015	2
40539	958167	958776	11
48391	523093	523537	2
839000	626098	627409	9
715133	902344	905208	6
839000	469340	470575	3
839000	170917	173024	17
309308	849960	851350	0
933667	857066	860321	3
839000	420303	420469	8
48391	675761	676138	8
309308	741894	742311	4
715133	596272	598015	6
309308	204024	204141	9
99099	207546	207609	4
839000	75616	76091	13
48391	287616	290401	4
715133	952680	954834	14
309308	842589	851350	2
309308	718730	719558	8
933667	294698	296126	4
40539	632985	633398	0
933667	915297	917216	0
99099	263376	264473	1
715133	820129	821616	1
933667	982921	983382	0
715133	69442	70085	5
40539	52415	54609	1
933667	206746	207609	7
933667	343914	345676	14
48391	139810	140443	0
