fromId	keyId	targetId	timeout
258798	177355	177600	4
584836	800007	802003	1
258798	664042	665442	5
937245	878898	892206	10
408160	158810	158919	0
937245	402600	403237	2
379940	972581	973996	1
149971	790909	791933	2
408160	554994	555320	7
584836	983564	984060	2
937245	966338	969501	0
136687	3047	3790	12
408160	250494	255421	8
258798	847383	851350	5
442735	523439	523537	0
584836	542985	553941	36
258798	932336	933667	3
937245	621939	624773	7
149971	598087	598177	2
442735	889183	892206	16
584836	76795	76909	0
136687	71489	76091	9
379940	663845	665442	3
505997	344828	345676	17
584836	946166	946242	2
408160	16542	16911	10
442735	776005	778081	5
258798	189623	193821	8
379940	192958	193821	10
505997	265090	266680	8
792224	907316	908372	1
505997	393273	401960	6
442735	586462	589154	1
584836	615012	615247	0
584836	79248	81597	1
584836	272365	274989	5
258798	701068	703408	8
379940	904087	905208	14
258798	370095	372033	5
408160	497695	498420	0
792224	810116	810848	2
149971	191550	193821	4
607571	472360	472812	5
379940	878236	892206	29
584836	450566	451797	12
408160	445501	445869	0
607571	402490	403237	11
505997	267141	267886	6
792224	911266	912394	2
136687	933099	933667	0
792224	527184	528802	11
442735	522823	523537	0
408160	720039	720042	6
379940	672885	673538	1
792224	398088	401960	14
379940	793889	796204	7
408160	41634	43174	1
258798	362774	365538	2
505997	370999	372033	11
379940	756200	762251	3
442735	173667	175354	11
379940	1011086	1012464	0
937245	521825	522408	1
136687	574957	578227	11
379940	939017	944455	3
379940	935440	936425	4
442735	156657	157920	14
258798	781084	782147	19
792224	206656	207609	3
937245	329234	332157	5
258798	567774	570375	8
136687	895700	896184	19
149971	598471	607571	2
136687	279541	281657	3
149971	740580	742311	2
379940	1026203	1026318	0
408160	895376	896184	14
792224	782405	785342	7
258798	413996	418391	4
149971	719284	719558	1
379940	91772	91946	4
136687	784536	785342	3
258798	303760	306706	2
792224	1032690	1040759	5
505997	472880	473237	5
258798	643680	646173	4
136687	25097	27453	1
937245	567205	570375	3
792224	916443	917216	2
505997	261535	261950	6
149971	92189	92829	22
136687	538388	539124	14
408160	718339	719558	7
379940	369777	372033	12
258798	478874	480277	1
505997	525386	528802	5
379940	899202	899487	15
408160	521731	522408	0
584836	774814	778081	11
584836	886730	892206	8
408160	695573	696859	8
136687	1000343	1002967	6
792224	503540	503721	8
584836	620347	624773	2
136687	189276	193821	5
607571	431362	432312	5
379940	44097	48391	3
937245	511016	512353	3
442735	523889	523935	0
258798	352496	353698	4
258798	59486	61121	4
379940	323355	332157	23
607571	612997	614437	0
792224	733461	739081	13
379940	320293	322260	14
379940	503928	505997	6
379940	350548	353698	11
258798	798696	799194	4
584836	1011680	1012464	3
379940	485738	492068	16
792224	720405	722433	9
379940	836627	838284	6
379940	656296	657225	1
505997	1849	3041	0
149971	587034	589154	3
258798	782599	785342	20
792224	349042	349547	15
149971	9893	10639	3
505997	219292	221165	10
442735	660970	662550	7
136687	947670	950468	16
379940	740415	742311	2
607571	115902	117075	6
408160	1002236	1002967	2
505997	101889	101892	22
584836	749095	749409	6
584836	240820	242213	5
258798	576997	578227	3
792224	1046228	3041	6
792224	339097	341078	20
258798	843908	851350	7
136687	513022	513972	7
379940	697800	700300	0
584836	583534	583792	18
607571	596459	598015	10
505997	136102	136687	0
408160	531417	531849	0
149971	620419	624773	7
792224	194419	197817	12
607571	409054	409102	11
379940	1036745	1040759	1
379940	861011	861378	8
379940	41329	43174	11
258798	105901	106939	5
937245	315339	315367	6
792224	364681	365538	14
379940	292716	292738	8
505997	771837	772294	0
937245	708462	711452	2
258798	457183	457342	0
607571	672543	673538	3
149971	359356	359864	3
149971	833680	835390	2
258798	769604	771016	21
584836	421704	422017	12
792224	628397	630770	6
442735	105183	106939	17
149971	944206	944455	6
442735	44084	48391	8
136687	1041020	1042530	8
136687	917149	917216	20
937245	398573	401960	4
442735	214355	216883	16
408160	409235	409236	0
149971	679816	680935	0
149971	289961	290401	0
136687	465593	470575	8
136687	842100	851350	11
584836	114426	114607	5
584836	441079	441627	12
408160	939248	944455	3
408160	7390	9550	10
408160	549129	553941	10
442735	203471	204141	18
149971	705320	707032	3
607571	261919	261950	7
258798	396049	401960	4
584836	27644	28048	3
937245	28701	31961	11
136687	956286	958776	14
379940	827761	828435	6
607571	972942	973996	8
258798	60076	61121	4
136687	156966	157920	0
442735	297119	297772	16
607571	33452	34514	9
937245	277103	277634	10
