fromId	keyId	targetId	timeout
16911	933403	933667	4
237696	738368	739081	9
237696	533145	533395	0
186016	13300	16911	5
768405	207414	207609	8
282024	904598	905208	5
768405	70248	76091	6
578665	479922	480277	1
237696	737552	739081	11
16911	58930	61121	1
578665	788671	790320	3
315367	752822	762251	5
227022	174314	175354	2
406102	531931	531935	4
186016	551469	553941	10
16911	1031905	1032148	4
768405	130513	131196	0
785342	170791	173024	6
186016	32156	34514	3
406102	407010	408160	1
768405	310357	313252	10
406102	131707	132507	8
315367	620731	624773	5
578665	816061	816250	4
578665	467747	470575	0
159133	44397	48391	8
768405	296781	297772	8
715899	315773	316427	15
768405	305397	306706	9
227022	1020460	1020859	4
715899	689964	691286	5
406102	923536	924989	12
715899	17635	23146	8
186016	676070	676138	11
237696	202032	204141	14
406102	613916	614437	9
227022	167017	168361	4
578665	177817	182521	7
237696	561600	561988	1
406102	166040	168361	11
159133	525953	528802	7
237696	825357	825407	1
785342	1024232	1026318	1
768405	780008	780277	0
159133	49483	50882	7
237696	900969	905208	2
406102	637538	640199	5
715899	654564	654959	6
227022	865518	865765	0
16911	266480	266680	3
715899	589955	591324	6
406102	386814	388598	7
282024	285657	285834	0
315367	317580	319165	0
315367	365629	367336	2
282024	115725	117075	9
406102	961261	966144	28
715899	682581	691286	9
237696	547001	553941	17
237696	162200	162563	4
227022	142191	142276	6
785342	566864	570375	7
406102	479901	480277	4
237696	645961	646173	0
227022	1014004	1016214	5
785342	151288	152478	1
227022	5578	7207	5
785342	303730	306706	4
159133	622035	624773	2
227022	851795	851872	0
406102	338670	341078	7
186016	42001	43174	9
16911	949729	950468	19
768405	340228	341078	14
227022	853018	853903	2
768405	569739	570375	3
715899	553096	553941	12
315367	841579	851350	2
768405	805325	807477	1
16911	457562	458000	1
237696	418012	418391	6
282024	801006	802003	10
282024	36577	38145	6
16911	641635	641666	9
16911	49557	50882	0
159133	744940	745115	25
186016	857521	860321	9
186016	1034342	1040759	3
785342	54122	54609	2
785342	534659	538177	12
768405	703666	707032	2
315367	920962	921851	1
227022	700828	703408	8
237696	789498	790320	2
315367	56410	58031	3
159133	697425	700300	7
578665	581375	583792	0
785342	341975	345676	10
715899	760557	762251	2
406102	676307	676976	5
16911	651435	652401	12
186016	563946	570375	13
715899	902472	905208	6
159133	223236	225378	1
315367	458329	465452	2
768405	459021	465452	7
715899	310401	313252	16
406102	887287	892206	13
715899	995726	995910	0
282024	301810	306706	2
237696	145619	149423	4
578665	1036163	1040759	2
237696	783181	785342	3
227022	738150	739081	2
406102	228242	228625	12
715899	622262	624773	9
282024	44828	48391	6
186016	16035	16911	0
227022	912098	912394	7
578665	368262	368460	12
768405	181592	182521	4
578665	803431	804403	3
227022	908907	910106	8
715899	911354	912394	7
406102	194711	197817	19
406102	755288	762251	21
315367	771738	772294	2
715899	40103	40539	4
227022	777081	778081	0
715899	983692	984060	0
785342	224552	225378	11
315367	366468	367336	2
159133	687319	691286	9
315367	25692	27453	1
768405	369	3041	0
16911	603918	607571	4
578665	903571	905208	14
578665	475162	475598	0
578665	712301	713589	1
785342	280259	281657	4
406102	423935	424541	1
282024	562581	563209	5
315367	316196	316427	0
768405	978245	979430	0
282024	122503	123198	8
186016	149284	149423	9
315367	970326	973996	6
406102	907914	908372	13
768405	163122	163718	0
227022	1041480	1042530	4
237696	377719	379105	7
406102	546243	553941	24
715899	49785	50882	4
406102	938392	944455	3
406102	704845	707032	11
715899	350540	353698	20
159133	279509	281657	3
159133	102987	106939	11
282024	467753	470575	3
785342	138001	139146	3
768405	150058	152478	1
159133	244344	244616	0
315367	897180	899487	3
578665	693088	694184	2
715899	969396	969501	25
768405	105046	106939	9
406102	69584	70085	2
282024	596282	598015	5
768405	900009	905208	0
768405	271647	271850	7
578665	705868	707032	1
406102	379948	381101	5
282024	191441	193821	9
406102	464255	465452	1
406102	736981	739081	9
315367	162659	163718	10
282024	188611	193821	10
186016	428952	431308	2
768405	907133	908372	0
16911	648892	652401	12
282024	393843	401960	7
406102	857191	860321	12
237696	138047	139146	6
715899	72297	76091	8
768405	676337	676976	1
159133	53903	54609	7
715899	913334	914893	8
785342	575783	578227	7
578665	541546	553941	24
159133	857333	860321	4
715899	689887	691286	5
715899	999567	1002967	3
282024	436330	437421	3
785342	556839	557799	21
159133	684478	691286	9
785342	740967	742311	11
186016	308572	308939	13
