fromId	keyId	targetId	timeout
308939	23376	27129	2
614437	160420	162563	1
976853	588015	589565	1
241047	158160	158919	0
625555	982448	984060	1
625555	693274	695538	4
499381	282084	283843	0
669267	517865	519666	0
222975	525879	526807	3
23146	369719	370308	11
222975	881507	882152	1
525184	780002	780277	8
673373	62806	63567	4
673373	1030088	1030193	0
625555	804827	807477	3
142276	323217	323492	1
614437	141947	142046	2
614437	335206	338304	3
308939	718394	719330	0
241047	968079	970485	2
534025	419364	420469	4
534025	706677	707032	2
525184	927945	927983	0
222975	621333	622093	1
241047	163026	163718	0
23146	999551	1000187	3
23146	1019080	1020133	3
23146	343902	346588	6
499381	913653	913882	4
222975	961166	961350	5
534025	285187	285614	2
241047	92872	94002	1
23146	344140	346588	6
222975	305819	306076	0
308939	274778	274989	3
525184	255879	256243	2
534025	117445	117898	5
669267	915680	917216	0
625555	736276	737744	5
241047	961926	966144	2
81421	563552	571195	2
976853	617459	622093	5
673373	1020102	1020133	0
23146	967592	970485	3
241047	951134	952167	1
241047	849157	851350	4
308939	219013	221072	1
241047	1015452	1018364	4
625555	1020593	1020859	0
976853	753570	754708	0
669267	563269	571195	1
142276	393869	394309	1
23146	410478	413052	8
499381	215885	216445	4
525184	985569	989899	2
669267	561769	561988	0
142276	65702	68873	8
976853	794553	794879	2
142276	618449	622093	4
499381	596343	596578	2
976853	573122	578227	1
669267	216750	216883	0
525184	246502	247089	1
976853	129156	132507	4
308939	344379	346588	2
614437	435995	437421	0
308939	611951	614437	3
308939	776531	778081	0
499381	856216	856857	7
308939	120944	123198	0
499381	829039	830743	3
499381	621274	622093	1
669267	405754	405815	1
81421	623599	624980	4
308939	927228	927250	0
222975	784116	785386	1
669267	906002	908372	1
625555	990553	991464	1
534025	904612	905208	2
976853	842667	844119	4
499381	869894	872105	8
241047	760539	762251	2
614437	46205	48391	0
614437	22697	23146	1
142276	17543	23146	9
142276	857578	859840	3
625555	795716	796204	2
614437	243737	244119	0
308939	897038	897487	1
534025	711781	712247	2
669267	515617	516056	0
534025	862079	862978	0
499381	52302	58031	4
142276	947219	947266	6
976853	274843	274989	3
241047	32300	32521	0
614437	488093	492068	0
625555	913669	913882	0
625555	477147	477345	3
142276	685279	689477	0
976853	88920	90093	1
23146	284863	285614	6
222975	68262	68873	1
525184	696896	700385	3
241047	926879	927250	0
534025	166818	168114	5
673373	733769	737744	0
614437	114636	114787	0
525184	774244	776080	9
614437	631352	633398	0
614437	322317	323492	2
222975	990427	991464	5
976853	22207	23146	1
222975	941146	942126	1
499381	419985	420469	2
81421	518772	519666	1
308939	542419	545171	0
534025	497920	498420	2
499381	787868	788853	5
976853	431389	432312	4
81421	1015184	1018364	5
222975	349073	349547	1
673373	874776	875647	1
222975	105011	106778	0
534025	823218	823465	0
23146	342845	346588	6
308939	518188	519666	0
308939	1012955	1018364	4
308939	949297	949659	4
308939	883199	885022	1
976853	963883	966144	1
241047	700023	700385	1
614437	872813	875647	3
614437	43382	45960	0
142276	471223	472226	2
23146	94555	95908	5
673373	813444	815460	0
499381	17479	23146	1
673373	685904	689477	0
534025	737063	737744	4
241047	942768	944266	0
142276	670706	670763	0
23146	732431	737744	4
222975	240758	241047	2
222975	961421	961734	5
669267	667166	667260	0
673373	291579	292738	4
222975	569126	571195	3
81421	216247	216445	0
614437	916421	917216	0
669267	136637	137461	2
308939	915804	917216	0
525184	862418	862978	0
222975	473947	474019	0
222975	139674	142046	5
499381	832304	833608	6
525184	947294	947682	0
525184	313544	314036	0
534025	677145	680935	2
525184	133079	133308	1
23146	715236	716312	4
534025	350266	352613	2
976853	440089	440160	4
625555	868531	868630	2
308939	770729	771016	0
81421	795322	796204	3
669267	428549	429707	1
976853	225470	225618	3
614437	1011961	1012464	0
534025	734302	737744	4
308939	531803	532626	4
241047	174266	175354	0
625555	100461	102123	8
534025	545733	546016	0
534025	347544	349547	2
976853	682707	683826	2
525184	816150	816250	2
976853	621914	622093	1
81421	571469	572536	1
669267	77905	81421	4
614437	863890	863975	0
499381	961257	961350	5
308939	111201	111713	0
23146	200923	201347	4
534025	72735	73808	8
673373	518382	519666	0
222975	598526	607909	3
142276	942250	942357	4
23146	114405	114607	3
673373	332711	334574	2
142276	291032	292738	0
222975	208101	208458	0
976853	135788	137461	2
142276	669111	669267	0
222975	648090	648336	1
23146	927386	927983	8
614437	945890	946242	1
