fromId	keyId	targetId	timeout
931681	272898	274989	14
627409	492805	495042	10
562262	464920	465452	10
404091	857682	860321	2
404091	290726	292738	14
665442	3860	3978	3
404091	521643	522408	1
865765	465847	470575	2
570375	653076	654959	2
627409	214387	216883	11
627409	59541	61121	4
299986	736002	739081	4
865765	363698	365538	0
665442	648084	648336	8
865765	543699	553941	10
665442	342711	345676	14
931681	719013	719558	6
562262	332799	338304	12
865765	524905	528802	8
615247	596310	598015	3
665442	477385	480277	6
931681	663695	665442	14
931681	698874	700300	16
719558	687201	691286	26
627409	966059	966144	27
299986	333883	338304	5
562262	367856	367995	9
562262	413124	418391	12
946242	242824	244247	9
615247	242269	244247	2
931681	514537	519666	7
562262	366248	367336	10
946242	426361	431308	2
562262	658438	662550	5
615247	844165	851350	1
931681	779541	780277	5
404091	883093	892206	12
719558	738987	739081	0
931681	38359	39534	2
404091	540972	553941	23
570375	621682	624773	1
946242	1014826	1016214	1
299986	277447	277634	3
299986	77478	81597	9
865765	414037	418391	4
946242	849282	851350	3
627409	970224	973996	6
665442	678572	679061	1
299986	739747	742311	3
615247	259284	260422	1
719558	58315	58730	0
562262	787042	790320	6
946242	865176	865765	1
562262	24161	24233	1
627409	810011	810848	11
615247	246960	248234	1
719558	320334	322260	6
665442	570215	570375	11
570375	329178	332157	7
615247	941049	944455	17
299986	240504	242213	1
865765	348076	349547	1
931681	595118	598015	5
627409	193761	193821	8
665442	382007	383205	5
615247	431622	432312	0
931681	656828	657225	14
627409	480074	480277	5
946242	58203	58730	4
562262	807326	807477	5
404091	669345	670082	0
404091	550612	553941	8
931681	426108	431308	8
865765	353133	353698	0
719558	781504	782147	0
665442	44375	48391	6
627409	950389	950468	14
627409	796282	798431	10
299986	127112	131196	4
404091	808802	810848	2
562262	381557	383205	7
299986	924311	924989	2
299986	961248	966144	28
931681	1046232	3041	3
946242	406419	406544	12
865765	271920	274989	16
615247	515883	519666	4
865765	719697	720042	4
299986	133070	133308	3
570375	636146	640199	1
865765	217491	221165	17
865765	662368	662550	1
562262	542443	553941	30
719558	630766	630770	18
946242	955460	958776	3
931681	985236	985974	0
931681	976223	976853	0
404091	70619	76091	10
665442	222642	222975	15
404091	491256	492068	0
404091	76748	76909	10
946242	953098	954834	1
562262	261508	261950	2
562262	115879	117075	6
627409	375385	375967	7
946242	736280	739081	12
931681	205876	207609	16
931681	204117	204141	16
627409	990185	991799	6
931681	925742	926831	17
615247	610076	614437	5
615247	272852	274989	1
562262	367989	367995	9
615247	950115	950468	33
865765	898972	899487	1
299986	568097	570375	0
404091	22749	23146	9
299986	416845	418391	7
665442	648486	652401	10
615247	688951	691286	4
719558	83974	90093	5
865765	878438	892206	18
404091	456210	457146	0
404091	924249	924989	2
946242	933943	936425	5
570375	44703	48391	3
570375	188010	193821	7
946242	597026	598015	1
627409	144753	149423	13
562262	829173	832532	1
931681	626658	627409	10
865765	459679	465452	2
931681	377721	379105	10
404091	526958	528802	4
299986	295714	296126	3
665442	493535	495042	4
931681	153275	153570	7
865765	312050	313252	20
865765	1015264	1016214	5
615247	236745	237647	0
719558	872667	873236	2
299986	167349	168361	8
615247	767596	767879	0
931681	258869	258968	14
719558	58258	58730	0
615247	645666	646173	0
665442	665906	666514	0
931681	712506	713589	6
946242	271688	271850	10
627409	262176	263199	8
570375	833806	835390	2
299986	191856	193821	4
404091	179806	182521	16
562262	314438	315367	9
562262	430890	431308	8
665442	502043	502601	4
665442	353177	353698	5
570375	1038996	1040759	2
946242	957040	958776	3
615247	393334	401960	9
562262	9410	9550	1
931681	986732	991799	2
627409	314350	315367	14
665442	215925	216883	17
946242	339602	341078	20
665442	144363	149423	11
931681	539855	553941	32
627409	815253	815460	10
665442	565165	570375	11
404091	34408	34514	11
299986	493246	495042	1
562262	461379	465452	12
299986	320022	320133	0
719558	459943	465452	14
615247	1046676	3041	2
299986	905944	907033	1
946242	309505	310069	15
562262	683760	691286	8
719558	1015220	1016214	2
570375	314430	315367	5
615247	540637	553941	32
627409	290390	290401	6
865765	224821	225378	16
615247	89833	90093	3
719558	200389	201347	4
299986	356455	359864	1
665442	136093	136687	8
865765	564767	570375	5
570375	1019008	1020859	4
299986	55961	58031	1
615247	443550	445869	1
562262	231279	231449	3
719558	264352	264473	5
570375	586169	589154	1
931681	457605	458000	4
562262	326668	332157	16
931681	620073	624773	9
