fromId	keyId	targetId	timeout
248234	822533	823465	0
34514	728172	728810	0
538508	569325	571195	3
690857	34966	35030	3
1002967	1000311	1001727	5
330701	567836	571195	8
248234	527374	527493	0
883083	721266	722433	0
330701	289791	290401	0
690857	138951	142046	7
788919	887027	889666	1
330701	925975	927250	2
248234	197387	197477	3
1002967	925823	927250	6
816250	898678	899487	0
538508	494201	495042	0
41679	422378	424541	1
538508	1012504	1018364	5
788853	792831	794879	0
538508	558737	559477	0
883083	389478	389728	0
788853	198608	199265	4
34514	475288	476042	2
690857	306931	308324	1
330701	917418	917619	1
41679	85416	87060	5
690857	441037	441627	0
562513	698760	700385	3
788919	1044144	1044272	3
788853	266592	267886	1
1002967	262099	263199	0
562513	100298	102123	7
330701	162586	163718	1
883083	103255	104652	0
248234	807630	810740	1
690857	604568	607909	1
34514	767873	767879	6
34514	520138	521198	1
455820	157378	157920	9
330701	577164	578227	6
1002967	812045	815460	3
330701	787554	788853	2
538508	496154	497083	0
1002967	774397	776080	2
248234	246291	247089	1
538508	451231	455336	1
34514	600881	607909	1
788919	318533	319165	0
562513	423491	424541	12
415924	231145	231678	2
330701	651136	652401	2
1002967	895499	896278	5
41679	399568	399686	1
1002967	51059	58031	13
34514	808859	810740	2
330701	276912	277634	0
455820	200312	201347	1
330701	89756	90093	0
415924	819484	820284	3
248234	965083	966144	0
1002967	493914	495042	0
788919	871238	872105	0
788919	583044	583792	0
816250	665749	667260	2
562513	215667	216445	11
330701	32621	34514	1
883083	547675	549972	1
415924	506722	507083	0
41679	492181	492527	0
34514	936177	936425	0
415924	473454	474019	1
816250	395749	397329	0
455820	823720	827146	10
690857	410310	413052	4
883083	560454	561988	1
248234	412936	413052	3
41679	899801	905208	1
883083	175167	175354	0
248234	1027212	1028002	1
816250	160252	162563	2
788853	472318	472812	0
538508	553183	553941	0
883083	519668	520011	1
816250	199	3041	4
788853	992280	994191	4
248234	158146	158919	0
455820	723668	727116	1
415924	6642	7207	0
415924	109602	110457	1
34514	498821	499381	1
883083	609833	609989	2
248234	223123	225378	1
248234	762348	765652	2
562513	932693	934390	11
415924	567462	571195	1
248234	491202	492068	1
455820	663022	664483	0
41679	57262	58031	1
455820	732124	737744	1
41679	747372	749409	4
883083	1039655	1042530	7
788919	927926	927983	0
34514	690478	690624	0
455820	138598	138649	13
41679	540732	542285	0
1002967	201903	202941	0
1002967	666842	667260	0
41679	155748	156453	0
34514	387912	388514	4
415924	976689	976853	0
690857	213177	213321	0
248234	436297	437421	3
883083	413165	414608	6
883083	945162	946242	3
883083	294609	296126	0
788919	966730	970485	1
788853	707451	712247	3
538508	300934	304639	0
34514	195441	195934	0
883083	708865	712247	1
883083	770094	771016	0
34514	606226	607909	1
788853	981034	984060	1
883083	38361	40539	6
883083	135835	137461	3
816250	440143	440160	0
788919	342099	346588	1
538508	658927	658980	3
690857	120500	123198	2
788853	331030	332157	0
1002967	278038	280260	2
788853	301108	304639	0
788853	377800	378843	2
1002967	1045972	1048453	2
34514	517964	519666	1
248234	418554	420469	6
883083	886511	889666	0
562513	844176	851350	4
41679	701615	702175	4
562513	601924	607909	1
455820	228802	229784	1
788853	641460	641666	1
883083	114137	114607	0
330701	569186	571195	8
562513	825858	827146	4
816250	11972	13330	3
883083	464750	467177	3
690857	228773	229784	0
788853	261244	261410	2
41679	219744	221072	0
816250	418440	420469	5
330701	359613	359864	1
248234	536417	538118	0
1002967	268624	268770	1
788853	1034055	1039150	5
883083	205388	207609	1
34514	912917	913882	1
34514	201731	202941	1
883083	301739	304639	0
690857	494095	495042	1
816250	791203	791269	2
41679	934463	935606	1
415924	1009387	1009650	0
883083	476392	477345	1
1002967	428245	429707	1
883083	1000595	1001727	4
538508	37355	40539	2
788919	951745	952167	1
415924	429509	429707	0
41679	923059	923615	1
415924	742262	742859	5
41679	243057	243146	0
41679	638892	640199	3
788853	215823	216445	1
788853	439568	440160	0
562513	580125	581096	0
538508	459143	461652	0
248234	342246	346588	1
562513	984513	984545	4
1002967	713967	716312	4
562513	906029	908372	4
330701	327337	327710	2
415924	1041694	1042530	0
330701	746559	749409	1
690857	763257	765652	6
690857	375169	375967	2
415924	125751	128401	2
788919	1005200	1009650	4
34514	790284	790293	6
1002967	467946	470575	1
883083	47703	48391	5
330701	147951	149423	0
788853	382632	383205	0
41679	892380	893659	3
248234	669720	670763	1
415924	715506	716312	5
455820	112067	112529	10
