fromId	keyId	targetId	timeout
102123	481195	481797	0
589565	549010	553941	30
589565	714973	715133	3
155606	854349	856857	0
381101	447683	448841	3
786042	817094	818271	0
139146	597157	598015	0
155606	703461	707032	1
667499	173211	175354	9
589565	132345	132507	6
381101	470164	470575	0
667499	256326	256585	17
786042	380591	381101	4
381101	474463	475598	1
211368	280461	281657	1
211368	123575	125371	10
667499	2600	3041	1
618091	379269	379940	3
139146	36046	38145	3
211368	222289	222975	0
211368	544445	553941	23
667499	294329	296126	18
618091	600557	607571	5
155606	353981	354873	12
102123	673662	676138	13
786042	519328	519666	5
211368	230879	231248	0
139146	102479	106939	5
786042	823847	825407	1
618091	1019841	1020859	3
102123	875227	877936	7
618091	895150	896184	9
155606	780934	782147	0
381101	364670	365538	11
618091	1005010	1005439	5
381101	148831	149423	13
589565	999803	1002967	3
102123	978315	979430	4
618091	592156	598015	6
786042	725342	727646	6
589565	327224	332157	12
618091	889429	892206	9
139146	391581	401960	18
618091	613324	614437	8
589565	435636	437421	14
667499	723814	724387	0
786042	873682	874911	3
139146	639144	640199	0
667499	32840	34514	3
139146	408499	408499	0
667499	205917	207609	17
139146	782095	782147	20
786042	801672	802003	0
786042	755027	762251	13
102123	641025	641666	10
139146	1007129	1009650	9
589565	269144	269522	6
589565	14629	16911	1
667499	37778	38145	2
667499	343596	345676	11
102123	340907	341078	12
139146	271615	271850	7
618091	736049	739081	10
102123	889040	892206	7
589565	387211	388598	13
618091	206088	207609	7
618091	263220	264473	3
589565	65648	67678	4
139146	637025	640199	1
211368	816166	816250	27
211368	617733	618091	1
618091	284679	285454	2
667499	409131	409236	11
786042	144928	149423	4
102123	435459	437421	1
618091	646240	646610	1
589565	877260	877936	2
211368	317640	319165	3
139146	764537	765652	20
102123	64879	67678	3
139146	756247	762251	20
381101	396308	401960	4
102123	505011	505997	5
102123	528121	528802	5
786042	882747	892206	16
381101	689560	691286	3
786042	1026504	1030193	3
211368	361408	365538	2
211368	602868	607571	1
667499	111296	111713	10
589565	583276	583792	22
786042	539591	553941	25
155606	412582	413052	10
589565	842372	851350	27
786042	321720	322260	0
139146	391825	401960	17
139146	298758	299782	9
102123	86396	90093	11
786042	853737	853903	0
155606	397259	401960	13
155606	537320	538177	5
381101	309385	310069	16
139146	934801	936425	9
589565	925028	926831	2
667499	989110	991799	2
211368	210114	210869	9
139146	153418	153570	0
211368	134784	136687	10
667499	675932	676138	0
211368	202794	204141	10
589565	520640	522408	20
618091	846106	851350	1
102123	882382	892206	18
589565	272622	274989	7
139146	767453	767879	20
102123	224569	225378	3
139146	586403	589154	1
667499	675888	676138	0
618091	788360	790320	6
589565	653109	654959	3
211368	331815	332157	4
667499	311541	313252	19
155606	1018955	1020859	5
589565	742585	744681	12
102123	145900	149423	5
102123	551691	553941	10
139146	266518	266680	5
211368	582487	583792	1
786042	725128	727646	6
589565	106206	106939	4
155606	778367	780277	0
139146	946477	947266	8
102123	51427	54609	2
139146	603673	607571	1
381101	346043	346588	11
155606	849321	851350	0
155606	938578	944455	4
139146	554516	555320	5
589565	113507	114607	4
381101	864937	865765	8
589565	816689	816935	25
667499	630649	630770	9
589565	820517	821616	25
786042	912117	912394	5
155606	116538	117075	7
589565	1031442	1032148	0
667499	159342	162563	11
667499	547589	553941	21
155606	565307	570375	8
589565	44533	48391	1
139146	568920	570375	7
139146	595323	598015	1
381101	364328	365538	11
667499	206261	207609	17
139146	869856	872105	6
139146	746813	749409	17
211368	465652	470575	2
211368	740773	742311	7
589565	86085	90093	5
211368	153357	153570	8
155606	33133	34514	7
667499	1192	3041	1
102123	169388	170646	7
618091	17986	23146	8
589565	427840	431308	16
102123	746863	749409	4
381101	862022	865765	10
618091	780680	782147	0
102123	813082	815460	9
155606	630599	630770	3
102123	235736	237647	8
211368	909796	910106	12
211368	973273	973996	10
139146	794244	796204	29
667499	329086	332157	8
139146	130983	131196	5
667499	668118	670082	1
211368	865840	866689	8
589565	656726	657225	3
155606	478660	480277	1
618091	811313	815460	2
786042	514212	519666	8
102123	641966	643586	8
211368	531174	531849	1
211368	83505	90093	14
589565	437817	437880	14
139146	749468	750208	17
786042	407867	408160	9
667499	934430	936425	2
211368	266668	266680	2
667499	375881	375967	6
618091	481763	481797	6
155606	21670	23146	3
155606	933148	933667	2
381101	479935	480277	1
667499	260950	261950	16
102123	907483	908372	1
