fromId	keyId	targetId	timeout
132632	193193	193465	0
1002268	807281	807477	1
231678	71936	73035	0
319165	263116	263199	4
878094	49999	50882	0
679061	130832	131196	0
406544	158196	158919	0
528802	960595	960974	1
936425	666392	666514	1
897487	105392	106778	0
406544	921386	921851	0
913121	76757	76909	1
936425	614240	615247	2
670082	146726	149423	0
406544	628374	629887	0
366918	892604	893659	0
149423	204256	205624	0
269522	903716	905208	2
679061	442307	442735	0
913121	805	3790	2
132632	19657	24233	4
913121	1022995	1023379	0
897487	957833	958104	0
528802	740039	741908	0
231678	157946	158919	1
1002268	579761	581096	1
878094	509753	510670	2
319165	622623	624773	0
528802	755531	757484	1
149423	800703	802003	4
269522	369266	370171	0
528802	1027822	1028002	0
319165	856346	856857	3
231678	309997	310033	0
231678	200870	202941	1
366918	978168	979430	0
319165	731176	732039	0
1002268	864368	865765	1
653103	767477	767879	1
897487	901888	905208	0
319165	815564	816250	0
528802	827658	828258	0
269522	965213	966144	4
269522	1021756	1023379	2
1002268	834523	834834	0
319165	225314	225618	2
897487	867280	868630	0
319165	309605	309817	2
277634	159729	160878	0
917216	526236	526807	0
878094	953692	954834	0
366918	199434	199657	0
366918	17789	24233	2
679061	310625	312091	0
231678	691166	691286	0
878094	327384	327710	3
897487	821922	823465	1
897487	520617	521198	4
319165	821390	821616	0
878094	1032841	1039150	2
913121	415275	415924	0
277634	689339	689477	0
132632	145876	149423	0
406544	160664	160878	0
878094	263632	264035	4
132632	600007	607571	0
670082	372978	374625	0
132632	387184	387499	0
653103	184032	184483	0
913121	603176	607571	0
528802	591264	591324	0
913121	954282	954834	0
149423	653390	654597	1
269522	290315	290401	0
897487	224167	225618	2
132632	996969	1000187	0
936425	248896	249946	0
528802	592486	596578	0
231678	995087	995491	0
936425	210946	211368	1
149423	300912	304639	0
1002268	728380	728810	0
913121	773871	774028	1
528802	953869	954834	0
277634	914470	914893	0
149423	684135	689477	3
277634	230703	231449	3
936425	793861	795326	3
290523	242434	243146	1
670082	751886	751979	0
366918	261167	261410	3
670082	644999	646173	1
231678	873612	873920	0
290523	551131	553941	0
406544	1021668	1023379	0
528802	896927	897487	0
670082	253736	254307	1
670082	76916	77136	0
132632	642287	643586	0
913121	306401	306706	0
231678	349514	349547	0
878094	485103	487557	5
366918	25558	27129	0
290523	925150	925168	0
653103	918249	919539	0
1002268	504679	505515	0
149423	304877	306076	0
406544	950025	950468	2
679061	829852	830743	0
132632	483440	483867	0
528802	898519	899578	1
528802	685901	689477	0
528802	581283	583792	0
528802	374210	374625	0
878094	102719	104652	1
670082	148174	149423	0
897487	258894	258968	0
366918	395177	397329	0
670082	628115	629887	1
149423	9975	10639	1
290523	463804	464043	0
269522	667655	669267	0
269522	765641	765652	2
528802	1030990	1032148	0
528802	186394	186474	0
679061	608238	608892	0
670082	528671	528802	0
653103	779648	780277	1
149423	519914	520011	0
366918	849908	851350	1
277634	863574	863975	0
528802	506339	506410	0
290523	20747	24233	2
366918	971830	976853	1
670082	357957	359864	0
277634	751246	751979	0
231678	112109	112529	0
269522	245282	245695	1
319165	375710	375967	2
290523	642927	643586	0
528802	452331	455336	0
913121	428612	429707	0
670082	1039978	1040759	2
132632	812461	815460	0
269522	601854	607571	0
528802	154683	155559	0
653103	189487	191401	0
897487	1017656	1018364	0
132632	599730	607571	0
913121	798171	798431	0
528802	122676	123198	0
670082	457857	458000	0
653103	269259	269522	0
132632	653400	654597	0
406544	130932	131196	0
319165	18955	24233	4
528802	649947	650149	0
366918	812293	815460	1
528802	1036486	1039150	0
917216	596986	598015	0
653103	842102	851350	2
290523	327687	327710	0
231678	134474	134778	0
670082	251811	252008	1
528802	944953	946150	0
679061	754923	757484	0
149423	834532	834834	3
269522	177192	177231	1
528802	962202	964417	0
878094	695580	696859	2
366918	811047	811796	2
132632	730776	732039	0
406544	531614	531849	0
277634	564277	571195	1
277634	970050	970485	0
132632	553668	553941	0
897487	93052	94002	0
878094	173354	175354	1
528802	657964	658390	0
679061	509835	510670	0
269522	565055	571195	1
269522	865822	866689	2
679061	240658	241047	0
149423	848015	851350	5
269522	230551	231449	4
528802	988304	989899	1
528802	775240	776080	0
269522	165253	166042	1
1002268	885833	886098	0
132632	883695	885022	0
1002268	928962	929482	1
366918	378423	378843	0
269522	1045586	1045819	2
528802	295919	296126	0
366918	812286	815460	1
132632	518763	519666	1
149423	904773	905208	3
