fromId	keyId	targetId	timeout
984060	139851	140443	0
696859	178135	179957	0
1030193	747799	750208	2
168114	861008	861378	2
1048453	957528	958104	0
458316	820920	821616	0
820284	374594	374625	0
995491	357650	359864	0
984060	551527	553941	1
168114	298878	299782	1
886471	17143	24233	4
1030193	334191	334574	0
969501	1029264	1029343	0
820284	2348	3790	2
820284	111056	111713	0
538579	849991	851350	0
590546	251022	252008	0
209004	58777	60418	3
257797	437875	437880	0
886471	535909	538118	0
590546	969839	970485	0
886471	138239	138649	0
90370	947545	947682	0
168114	517042	519666	2
90370	893496	893659	0
969501	205796	207609	0
820284	513420	513972	0
886471	530007	531327	0
90370	534567	535002	1
696859	811482	811796	1
995491	104193	104652	0
984060	358929	359864	0
696859	236731	237647	2
984060	735371	737744	0
590546	614496	615247	0
696859	393964	394309	0
538579	695611	696859	0
908372	641416	641434	1
696859	290856	292738	1
458316	416673	417194	1
458316	30588	31961	2
820284	501638	502601	0
168114	77601	81421	0
638842	855704	856857	0
969501	891075	892206	2
538579	336892	337304	0
538579	143183	145254	0
908372	129173	131196	0
1030193	909566	910106	1
590546	588349	589154	1
696859	337400	338304	0
1030193	724280	724387	1
696859	840465	840560	0
1030193	8563	9550	0
908372	518510	519666	3
886471	889257	889666	0
590546	441463	441627	0
257797	1007775	1009650	0
820284	669457	670082	0
696859	614830	615247	2
1030193	186827	191401	0
458316	910994	911364	0
820284	880548	880570	0
696859	809183	810428	1
886471	245728	245830	0
969501	540420	542285	0
257797	127074	128401	0
90370	58629	58730	0
538579	133841	134778	0
168114	109610	110457	0
458316	388546	388598	1
638842	102400	104652	1
984060	32107	32521	6
209004	922368	923615	0
886471	546008	546016	0
886471	839415	839684	0
590546	668624	669267	0
168114	707305	707559	0
209004	979152	979430	0
590546	236961	237647	1
908372	815558	816250	0
1030193	865139	865765	1
984060	776593	778081	0
908372	402616	403237	0
257797	965905	966144	0
168114	550258	551130	1
696859	137072	138649	1
1048453	482169	483867	0
1048453	1041716	1042530	0
984060	790753	791269	0
90370	802402	804403	2
590546	866773	868630	0
886471	683253	683826	0
696859	306023	306076	0
590546	750063	750208	1
820284	464764	465452	0
257797	869330	869761	0
458316	649668	650149	0
209004	961790	964417	0
638842	656042	657215	0
995491	71962	73035	0
696859	139510	140443	0
820284	797682	798431	0
908372	495714	498420	1
696859	895161	896184	0
538579	87236	89563	0
696859	448941	449203	0
209004	518322	519666	0
257797	228084	228625	0
886471	517893	519666	0
209004	907614	908372	0
696859	439333	439346	0
458316	681501	682121	1
458316	779434	780277	0
638842	110547	111713	1
638842	122764	123198	0
969501	360369	363419	1
1030193	687273	689477	1
908372	154264	155559	0
90370	654911	654959	0
984060	993207	995491	1
1030193	263135	263199	2
168114	140016	140443	0
1048453	419623	420469	0
90370	421294	422017	0
257797	700189	700300	0
696859	231350	231449	2
984060	1027826	1028002	1
1048453	804839	806794	0
908372	167361	168114	0
969501	990666	991464	0
590546	740093	741908	0
638842	858558	860219	1
90370	301315	304639	1
590546	506497	507083	1
984060	312120	313252	0
90370	102128	104652	0
1048453	80063	81421	0
638842	706162	706307	0
984060	197072	197477	0
538579	550352	551130	0
969501	51807	53455	3
538579	15467	16911	0
969501	494334	495042	0
1048453	809320	810428	0
458316	451691	451797	1
995491	683773	683826	0
908372	972111	976853	1
696859	160992	162563	0
908372	958772	958776	0
820284	194891	195934	0
590546	323096	323492	0
886471	90386	90485	0
908372	520157	521198	3
458316	395492	397329	1
696859	623998	624773	2
696859	809823	810428	1
458316	662947	664483	0
209004	527048	527493	0
257797	161166	162563	0
969501	308360	308469	0
538579	511120	512353	0
696859	430489	431308	0
257797	402	3790	1
257797	279880	280260	0
820284	702362	703408	0
696859	413666	414580	0
820284	265784	266071	0
168114	29980	31961	0
969501	436231	437421	0
696859	570100	571195	1
984060	428382	429707	0
1048453	814000	815460	0
969501	1046867	1048453	2
257797	1032859	1039150	1
590546	791967	792224	0
1030193	50712	50882	0
969501	262103	263199	0
538579	1025964	1026318	0
538579	936419	936425	0
538579	940855	942126	0
696859	238221	238986	2
908372	817230	818271	0
886471	835785	836655	1
638842	209688	210869	0
209004	716655	719330	0
168114	491087	492068	0
90370	300200	300709	1
1048453	1018307	1018364	0
209004	915494	917216	0
538579	838414	839000	1
908372	104893	106778	1
886471	329381	329404	0
908372	486501	487557	0
984060	103623	104652	0
995491	119889	120046	0
538579	514987	515586	0
