fromId	keyId	targetId	timeout
762251	657168	657215	1
694821	287531	288828	1
397409	225210	225618	3
911364	361422	363419	1
142046	596476	596578	0
55604	405833	406102	0
911364	860950	861378	0
911364	610979	611271	0
911364	846823	851350	1
646291	446032	446573	0
225653	948797	949586	0
268770	695812	696859	0
367336	330441	330701	1
694821	450586	451797	0
225653	971365	976853	1
205624	152236	152478	0
225653	596806	598015	0
225653	631473	633398	0
703408	169427	170646	1
911364	252801	254307	1
225653	1046041	1048453	0
55604	616204	617117	1
694821	145232	145254	0
142046	417742	418391	0
703408	1002366	1002967	0
64515	780722	782147	0
762251	53777	54609	0
397409	261227	261410	1
225653	947757	949586	0
911364	620427	622093	0
55604	154448	155559	0
694821	474335	474961	0
989899	346501	346588	0
111713	354202	356213	1
367336	49261	50882	0
911364	306670	306706	0
268770	874570	874911	3
225653	6153	6426	0
55604	225641	225653	2
694821	328864	329327	0
703408	278350	279679	0
268770	51918	53455	1
43174	518789	519666	0
205624	796617	798431	0
268770	608732	608892	0
64515	305270	306076	0
205624	471034	472226	0
142046	546973	547526	0
989899	721277	722433	0
142046	965756	966144	0
142046	877630	877936	0
1048499	263319	264035	0
911364	297503	297772	0
64515	909841	910106	0
1048499	403883	404091	0
13480	239833	241047	1
111713	918680	919539	4
13480	237303	237647	1
13480	376556	376922	0
911364	560165	560259	0
703408	502884	503721	0
268770	1009556	1009650	2
13480	643124	643586	0
703408	719017	719330	0
367336	492168	492527	0
646291	753411	754708	0
55604	383081	383205	2
111713	851743	851872	0
703408	93713	94002	0
142046	939916	942126	0
762251	573771	578227	2
64515	1019631	1019868	3
762251	728680	728810	1
268770	697832	700300	0
694821	506380	506410	0
43174	181891	182412	1
703408	757169	757484	0
989899	289204	290401	2
111713	1031593	1032148	1
55604	250931	252008	1
989899	926360	926567	0
55604	311854	312091	0
367336	400772	401960	0
13480	143342	145254	0
397409	879491	880570	1
703408	891862	892206	0
13480	190978	191401	0
762251	376510	376922	2
225653	1033513	1039150	1
367336	682752	683826	1
397409	616719	617117	0
111713	730783	732039	0
694821	575503	578227	2
911364	691321	693176	0
111713	159195	160878	0
55604	745647	750208	1
13480	387833	388514	0
55604	851882	852003	5
268770	871516	872105	3
397409	518732	519666	1
367336	765710	765735	0
989899	570748	571195	1
205624	373339	374625	0
225653	145719	149423	0
55604	23914	24233	1
55604	330219	330701	0
205624	187421	191401	0
989899	470227	470575	0
1048499	258303	258968	1
646291	601724	607571	1
55604	1044822	1044951	1
911364	884584	885022	0
646291	1018810	1019868	0
43174	78783	81421	0
64515	36670	38145	1
55604	83207	83976	0
1048499	202531	202941	0
911364	812766	815460	0
13480	396388	397329	0
13480	271118	271850	2
646291	736946	737744	0
367336	372568	374625	0
989899	1032331	1039150	1
205624	160441	160878	0
55604	219489	221072	0
225653	735266	737744	0
111713	929649	931681	4
13480	1002686	1002967	0
111713	638822	638842	0
367336	995085	995491	0
762251	460836	461652	2
142046	152057	152478	0
1048499	50760	50882	0
397409	4245	4563	0
64515	424598	425631	0
64515	824311	825407	1
762251	487906	492068	4
142046	560104	560259	0
703408	743260	743657	0
367336	442685	442735	0
397409	129319	131196	0
205624	254791	255258	2
111713	906662	908372	5
367336	179504	179957	0
55604	439386	440160	0
142046	251137	252008	0
268770	635539	636019	0
367336	819959	820284	1
762251	228071	228625	1
111713	845659	851350	1
205624	689733	690624	0
13480	730324	730571	0
762251	597184	598015	2
911364	337525	338304	0
13480	793240	795326	1
911364	691450	693176	0
205624	479350	479954	0
762251	448152	448841	2
268770	44792	45960	1
142046	658855	658980	0
646291	32764	33249	0
989899	1032510	1039150	1
13480	424959	425631	0
64515	653173	654597	0
397409	118504	118661	0
911364	582764	583792	1
989899	689940	690624	1
64515	810758	810848	0
205624	267494	267886	1
1048499	1020544	1020859	0
646291	641769	643586	1
111713	244236	244247	0
64515	332813	334574	0
911364	355205	356213	0
762251	754114	754708	1
1048499	412388	413052	0
367336	434079	435554	0
1048499	53701	54609	0
703408	1045697	1045819	0
1048499	63343	63452	0
13480	452979	455336	0
268770	247075	247089	3
268770	1035979	1039150	2
142046	299367	299782	0
205624	961780	964417	1
43174	889075	889666	1
367336	600663	607571	1
268770	1024617	1025369	2
13480	1007329	1009650	0
367336	401920	401960	0
268770	728449	728810	0
205624	668153	669267	0
703408	341174	341916	0
225653	534335	535002	0
55604	451556	451797	0
762251	1037446	1039150	0
646291	355413	356213	1
