fromId	keyId	targetId	timeout
807542	788738	788853	2
608892	31569	31961	1
611381	572763	578227	1
611381	870588	872105	1
641434	1040196	1040759	0
1029789	501539	502601	0
662550	594071	596578	1
807542	985877	985974	0
932232	384194	385773	0
405815	242772	243146	1
216883	209349	210869	2
405815	264235	264473	1
611381	309020	309308	0
557799	872813	873236	0
216883	134660	134778	1
1029789	101931	102123	0
405815	552067	553941	0
905962	462459	464043	0
549972	24966	27129	0
932232	708199	711452	0
180469	99073	99099	0
611381	702214	702258	0
932232	644381	646173	0
807542	454449	455336	0
383205	365059	365538	1
877936	884717	885022	0
383205	169541	170646	0
932232	805366	806794	0
405815	903511	905208	0
807542	892165	892206	0
539124	493501	495042	0
807542	979602	984060	1
641434	541316	542285	0
539124	72691	73035	0
1029789	101105	101892	0
947682	654354	654597	0
328277	407766	408160	0
557799	811097	811796	0
549972	495201	495341	0
877936	838231	838284	1
905962	130191	131196	0
641434	1034551	1039150	3
180469	669318	670082	0
557799	655118	657215	0
180469	830989	832532	0
539124	784813	785342	0
877936	245355	245695	5
216883	219017	221072	0
180469	308794	308939	0
877936	305892	306076	3
905962	13648	15228	0
216883	375844	375967	0
641434	542748	545298	1
608892	691368	693176	2
807542	105715	106778	1
608892	132047	132057	0
877936	58720	58730	0
608892	439363	440160	0
608892	932616	933667	0
1029789	496336	498420	1
807542	303437	304639	0
641434	877981	878094	0
608892	696790	696859	2
383205	407448	408160	0
405815	500820	502601	0
549972	109098	110457	0
662550	1010642	1012464	0
180469	718890	719330	0
905962	661466	662550	0
405815	449190	449203	0
383205	188393	191401	0
807542	148236	149423	1
608892	910024	910106	0
641434	35965	38145	0
608892	446112	446573	0
328277	774845	776080	0
1029789	3339	3790	0
180469	1002622	1002967	0
383205	970516	976853	1
383205	85679	87060	0
328277	41903	43174	4
557799	440284	440419	0
877936	547448	547526	1
216883	502088	502601	0
383205	577422	578227	1
662550	526233	526807	0
877936	760682	761194	3
932232	962625	964417	0
947682	730632	732039	0
877936	200307	202941	2
1029789	258774	258968	1
641434	573640	578227	1
539124	448988	449203	0
405815	811852	815460	0
662550	35375	35893	0
662550	115583	117075	1
180469	732661	732869	0
905962	459338	461652	0
877936	508158	510670	0
641434	392054	394309	0
905962	865349	865765	2
611381	1026150	1026318	1
405815	783802	785342	0
641434	701863	702175	1
549972	566564	571195	1
383205	454466	455336	0
557799	276291	277634	0
608892	402335	402582	0
932232	507063	507083	0
328277	570834	571195	0
641434	439258	439346	0
807542	121359	123198	1
549972	666763	667499	2
180469	525060	525184	0
549972	990051	991464	0
641434	170788	171644	0
539124	680837	682121	1
328277	852786	852858	1
608892	875942	876946	0
932232	662468	662550	0
947682	1031293	1032148	0
549972	571161	571195	0
608892	740702	741908	1
405815	167475	168114	0
641434	204195	205624	0
608892	48224	48391	1
180469	117469	117898	1
1029789	6094	6426	0
180469	144996	145254	0
877936	639508	640199	0
608892	229332	229784	0
549972	956195	957165	0
947682	760763	761194	0
608892	632809	633398	0
905962	804085	804403	1
539124	739819	741908	0
608892	982694	984060	2
180469	431556	432312	0
1029789	337207	337304	0
383205	1035451	1039150	3
557799	848636	851350	0
180469	516339	519666	1
328277	495881	498420	1
905962	114495	114607	1
328277	628148	629887	0
608892	466129	466721	0
557799	419855	420469	0
807542	744278	744681	2
877936	994217	995491	0
947682	94878	94902	0
405815	807976	810428	0
611381	845076	851350	4
328277	898344	899578	1
877936	307644	307895	3
1029789	965783	966144	2
932232	744242	744681	0
807542	660797	662550	1
662550	174497	175354	0
905962	987414	989899	1
877936	741092	741908	0
947682	375236	375278	0
641434	53045	53455	0
549972	430756	431308	0
405815	899862	905208	0
611381	428457	429707	0
947682	956896	957165	0
905962	843259	851350	2
549972	966662	969501	0
641434	177937	179957	0
328277	722185	722433	0
905962	546466	546905	0
947682	145599	149423	0
539124	832183	832532	0
405815	743255	743657	0
947682	510755	512353	0
328277	540133	542285	0
549972	910419	911364	1
932232	669051	669267	0
328277	136615	136687	0
549972	150417	152478	0
549972	191664	192665	0
947682	580007	581096	2
662550	535124	538118	0
539124	833452	833608	0
877936	554602	555320	0
180469	699840	700300	0
947682	921835	921851	2
557799	35596	35893	0
539124	219106	221072	1
539124	984130	984393	0
557799	11911	13330	2
611381	818975	820284	0
641434	582154	583792	0
608892	502509	502601	0
877936	53143	53455	0
932232	1012944	1013078	0
557799	792872	795326	1
