fromId	keyId	targetId	timeout
992377	76234	76909	0
260029	358833	359864	0
853903	302584	304639	0
68873	854868	856857	4
816935	459491	461652	1
853903	667125	667499	1
834834	881924	882152	0
816935	910073	910106	1
507747	484552	484818	0
260029	775031	776080	0
722433	137734	138649	0
212676	693846	694184	0
260029	286787	287175	0
853903	952723	953197	1
992377	980904	984060	1
68873	139059	139146	0
796204	888643	889666	0
308469	134291	134778	0
402582	787202	788853	0
402582	383574	383969	0
796204	936647	937245	0
212676	273860	274989	0
308469	444482	445869	0
68873	446397	446573	0
68873	45348	45960	2
63567	566084	571195	1
816935	674571	676143	1
796204	143881	145254	0
979430	1044115	1044951	1
507747	515649	519666	2
507747	368012	368188	0
853903	626220	627076	1
816935	164870	166042	0
992377	520966	521198	0
853903	599903	607571	0
363419	871624	872105	0
979430	158930	159133	0
402582	342598	345676	0
507747	222567	222975	2
722433	174720	175354	0
308469	559811	559848	1
932242	253237	254307	1
260029	405478	405815	0
861378	1038430	1039150	0
992377	425163	425631	0
68873	466273	466721	0
932242	777113	778081	0
979430	559947	560259	0
761194	353970	356213	1
853903	529355	531327	1
853903	674694	676143	1
507747	989641	989899	1
796204	571505	578227	1
979430	944602	944860	0
834834	659200	659296	0
979430	187302	191401	0
308469	323630	323986	0
212676	296530	297772	0
992377	277336	277634	0
932242	790766	791269	0
761194	95027	95908	0
507747	612127	615247	1
722433	857990	860219	1
260029	981272	984060	2
507747	297701	297772	0
212676	421671	422017	0
761194	642897	643586	0
861378	1015551	1015557	0
932242	771461	771689	0
308469	856004	856857	0
816935	536691	538118	0
992377	883547	885022	0
507747	60124	60418	0
68873	164516	164730	0
63567	182724	184483	0
861378	827301	828258	2
796204	486204	487557	0
68873	898790	899578	4
761194	673314	673373	0
944860	546768	546905	0
363419	696485	696859	0
212676	419057	420469	0
63567	732289	732869	0
816935	389421	389728	0
796204	752639	753387	1
796204	396945	397329	0
63567	582322	583792	0
992377	719797	720042	0
212676	295422	296126	0
63567	707640	711452	0
932242	62474	63452	0
992377	786346	786381	0
68873	512781	512923	1
722433	82595	83034	0
932242	345164	345676	0
363419	393141	394309	0
63567	185844	186016	0
212676	841518	851350	2
363419	1003395	1003913	0
722433	580872	581096	0
761194	594926	596578	1
861378	990264	991464	1
853903	556526	557683	0
63567	53553	54609	1
507747	433816	435554	0
63567	570317	571195	1
853903	73399	73808	0
722433	136044	136687	0
834834	489304	492068	0
944860	267464	267886	4
932242	280551	281017	1
63567	960626	960974	3
853903	391429	391643	0
722433	679229	682121	1
212676	960541	960974	1
308469	895604	896184	0
861378	612582	615247	1
979430	677352	679061	1
834834	224367	225618	4
816935	444251	445869	0
932242	934405	935606	0
944860	162064	162563	0
402582	919291	919539	0
979430	341945	345676	0
761194	660887	662550	0
722433	529823	531327	0
834834	15269	16911	1
861378	635633	636019	0
68873	2183	3790	3
402582	496035	498420	1
722433	350743	352020	0
796204	739846	741908	0
63567	871882	872105	0
932242	165210	166042	0
796204	489343	492068	0
507747	941564	942126	0
68873	615217	615247	0
932242	529886	531327	0
308469	605838	607571	0
507747	995855	995910	1
212676	942823	944266	0
363419	990926	991464	1
816935	409985	410762	0
834834	244399	244616	3
932242	768219	768405	0
853903	788287	788853	1
834834	164615	164730	1
761194	123029	123198	0
363419	64228	64312	0
932242	147913	149423	0
507747	533499	533778	0
932242	633249	633398	0
260029	820699	821616	0
402582	236163	237647	2
853903	45453	45960	1
722433	949079	949586	1
507747	772256	772294	0
308469	423041	424541	0
979430	168117	168232	0
861378	421623	422017	0
979430	42905	43174	0
68873	577003	578227	2
853903	1024327	1025369	0
932242	98133	99099	0
816935	41725	43174	0
979430	86224	87060	0
816935	318434	319165	0
834834	276298	277634	3
722433	72949	73035	0
212676	694089	694184	0
979430	737	3790	1
944860	931861	932103	0
834834	89404	89563	0
761194	189207	191401	0
308469	490957	492068	0
68873	438637	439346	0
363419	627674	629887	0
944860	609435	609544	0
853903	293666	293817	0
402582	493607	495042	0
308469	936776	937245	1
944860	686944	689477	0
363419	240424	241047	0
402582	25143	27129	0
834834	760053	761194	0
761194	113794	114607	0
68873	777741	778081	1
796204	557618	557683	0
816935	200091	202941	1
507747	621473	622093	0
260029	38263	39534	0
932242	774045	774208	0
816935	10666	13330	0
816935	297532	297772	0
363419	672617	673373	0
68873	328953	329327	1
402582	668062	669267	0
