fromId	keyId	targetId	timeout
138838	82740	83034	4
306076	925279	927250	2
299782	112616	113664	6
153570	389769	394309	3
767879	643715	643898	2
853530	668188	669267	4
1042530	774634	776080	0
853530	46975	48391	10
138838	6788	7207	2
799194	458443	461652	0
738897	284955	285614	5
221871	582416	583792	3
153570	672570	673373	1
738897	923432	923615	0
153570	762374	765652	4
138838	330999	332157	2
767879	471080	472226	1
153570	774078	774208	5
306076	593417	596578	3
221871	149535	149971	1
767879	637075	638842	4
138838	1007762	1009650	2
799194	557355	557799	3
738897	266508	267886	1
799194	559626	561988	4
221871	887140	889666	1
299782	352933	353698	0
299782	623580	624980	1
853530	189494	193821	7
799194	578083	578227	0
153570	715562	716312	6
799194	595112	596578	0
738897	102778	104652	0
153570	162917	163718	0
153570	482666	483867	0
738897	421705	422017	0
306076	382960	383205	0
767879	691884	693182	4
1042530	1040904	1042530	0
153570	686763	689477	3
153570	316628	319165	1
299782	587957	589565	1
153570	748106	749409	5
221871	638204	638842	1
221871	443732	444077	0
299782	291959	292738	8
138838	192840	193821	3
138838	815820	816250	0
1042530	463576	464043	0
1042530	849230	851350	2
138838	710975	712247	3
738897	222152	222181	0
306076	609180	609544	6
138838	462021	464043	2
299782	385407	385773	0
221871	959402	960789	5
138838	73842	76909	8
153570	12505	13330	1
799194	740109	742859	2
738897	868799	869327	0
153570	734363	737744	5
299782	1021040	1023379	4
1042530	834033	834327	2
306076	226828	227022	0
306076	520145	521198	0
221871	173653	175354	0
299782	373163	374625	0
1042530	19317	23146	2
306076	513500	516056	2
221871	815263	815460	0
153570	183233	186016	2
138838	565522	571195	6
853530	446827	448841	0
221871	759268	762251	2
799194	309808	309817	1
799194	717718	719330	0
799194	84527	85128	0
299782	997124	1000187	4
153570	250662	252008	0
299782	365031	365538	0
853530	377972	378843	3
738897	646218	646291	1
1042530	272094	273352	0
299782	995177	995491	4
138838	96112	96511	4
153570	56879	58031	2
1042530	609670	609989	0
738897	893036	893659	0
738897	112695	113664	1
799194	597287	598177	1
153570	790757	791269	3
153570	882602	883083	4
1042530	89265	90093	1
299782	399774	402288	2
299782	984906	989899	7
138838	703886	706307	2
853530	419487	420469	3
799194	937790	942126	0
221871	438995	439346	0
799194	264716	265451	2
1042530	473031	474019	2
738897	904467	905208	0
299782	969021	970485	6
221871	241429	242213	0
1042530	47563	48391	0
853530	695682	696859	4
853530	347111	349547	1
138838	357154	359864	1
221871	434920	437421	1
306076	981179	984060	3
799194	658320	658390	3
306076	630796	630942	6
738897	581870	583792	0
799194	521165	521198	1
221871	302294	304639	0
153570	496892	497083	0
853530	680122	680935	5
138838	702513	703408	2
767879	333336	334574	0
153570	621367	622093	0
306076	785204	785386	6
306076	1041088	1042530	1
853530	882055	882152	0
221871	539539	542285	3
306076	446956	448841	0
306076	355743	356213	0
299782	77678	81421	6
767879	289996	290401	0
138838	496337	497083	2
767879	300753	300832	0
738897	377594	377694	1
1042530	415232	415924	0
153570	773581	774028	5
767879	119685	119730	0
153570	596643	598177	1
221871	842215	844119	2
299782	491119	492068	1
299782	2736	3041	4
799194	944537	946242	2
306076	943794	944266	0
299782	488135	492068	1
738897	821849	822005	0
1042530	229886	230416	1
299782	1036575	1039150	4
799194	49221	50882	0
853530	124497	125214	4
138838	493419	495042	2
138838	961308	961350	5
799194	940594	942126	0
138838	57091	58031	4
221871	46646	48391	0
799194	771406	771689	0
738897	923895	924455	0
853530	137215	137461	4
767879	935859	935927	3
221871	1032871	1039150	1
138838	920134	920607	2
299782	765073	765652	4
767879	411010	413052	2
738897	286994	287175	3
799194	215446	216445	0
299782	541929	542285	3
153570	227206	227622	0
299782	149533	149971	10
153570	676853	676976	1
738897	873699	875647	2
153570	91267	92257	2
299782	695493	695538	3
299782	809677	810740	3
138838	300846	304639	0
221871	1046035	1048453	0
306076	178855	180469	1
1042530	659546	662550	0
299782	608851	609544	1
799194	160782	162563	1
138838	141	3041	2
853530	518144	519666	0
799194	723574	723648	0
738897	832705	833608	2
767879	641726	643586	2
853530	1015172	1018364	11
153570	916162	917216	4
853530	379623	381101	3
138838	783223	783276	4
153570	962021	966144	2
853530	746950	749409	3
738897	640881	641274	2
799194	854520	856857	1
767879	14848	15228	0
306076	627312	627409	6
738897	26432	27129	2
799194	784297	785386	1
738897	342732	346588	2
153570	496344	497083	0
853530	623920	624980	3
221871	1030910	1032148	0
799194	995193	995491	0
