fromId	keyId	targetId	timeout
672032	973110	976853	2
625158	621577	622093	9
728027	141785	142046	5
672032	1034837	1039150	3
625158	536966	538118	4
744961	987480	989899	1
739285	325789	326335	1
332707	262451	263199	1
332707	633841	634784	1
28048	815507	816250	3
739285	196949	197477	3
728027	646016	646173	1
774208	700278	700385	3
991464	661072	662550	0
744961	847190	851350	1
739285	362528	365538	1
112529	690730	690857	0
739285	391105	394309	4
112529	520834	521198	3
28048	1044630	1044951	3
112529	302585	304639	0
744961	811521	815460	1
625158	661413	662550	0
622093	373846	374625	5
28048	604614	607909	1
112529	933832	934390	0
622093	320461	323492	4
112529	712299	713286	0
28048	158530	158919	0
739285	696040	696859	1
625158	839618	839684	1
28048	814933	815460	3
774208	959743	960789	0
774208	591432	591557	0
991464	647973	648336	0
399686	143557	145254	0
728027	537705	538118	2
774208	384346	385773	0
774208	660239	662550	0
112529	929597	931681	0
399686	273162	273352	0
744961	767537	767879	0
28048	600823	607909	1
739285	3395	3908	2
739285	76703	76909	2
332707	889820	892206	1
622093	779328	780277	0
293288	99601	102123	3
728027	100662	102123	6
728027	1009175	1009650	0
672032	87315	90093	2
991464	151904	152478	1
293288	140959	142046	2
399686	330398	330701	2
332707	20744	23146	1
774208	157606	157920	0
28048	717070	719330	0
728027	145020	145254	1
332707	448300	448841	1
625158	441288	441627	1
28048	527853	527965	1
739285	101503	102123	2
728027	345228	346588	4
622093	931260	931681	1
991464	525119	525184	0
739285	103939	104652	0
112529	216066	216445	1
622093	759601	762251	2
622093	831264	833608	3
28048	974420	976853	1
744961	857610	859840	0
622093	996278	1000187	0
739285	612084	614437	1
744961	742851	742859	2
744961	806838	807477	0
728027	44663	45960	1
399686	791202	791269	2
739285	794692	794879	0
774208	561279	561988	0
991464	498673	499381	0
112529	463885	464043	2
399686	56977	58031	1
112529	931121	931681	0
399686	578373	578665	4
774208	241025	241047	1
672032	580102	581096	0
622093	213399	215127	1
744961	706277	706307	1
744961	555578	555642	0
774208	640595	641274	1
112529	301620	304639	0
625158	190996	193821	6
739285	15723	23146	3
28048	42453	45960	1
112529	862640	862978	1
112529	1032187	1039150	3
774208	603586	607909	1
728027	876731	876946	0
399686	818820	820284	0
28048	496180	497083	1
672032	646322	646610	0
28048	591457	591557	0
332707	723730	727116	1
739285	278719	280260	1
293288	895676	896278	3
744961	742398	742859	2
774208	583959	586117	1
112529	584402	586117	4
112529	776040	776080	0
332707	560556	561988	5
728027	213295	213321	3
112529	944884	946242	1
28048	1028476	1029343	3
28048	25494	27129	3
625158	945506	946242	1
112529	809292	810740	1
625158	239034	241047	2
293288	430981	431308	0
744961	859393	859840	0
293288	649709	650149	0
332707	133495	133668	0
774208	458867	461652	0
739285	258263	258798	0
112529	249570	249946	0
293288	188862	193821	4
744961	867624	868630	1
991464	24760	27129	0
625158	366582	366918	1
28048	156051	156453	0
28048	632408	633398	0
28048	612397	614437	1
28048	966054	966144	1
672032	914907	915149	0
293288	118658	118661	1
739285	750921	751979	0
622093	816612	816935	0
728027	246937	247089	3
293288	962453	966144	3
28048	941858	942126	0
399686	369013	370308	3
332707	239099	241047	1
293288	656073	657225	1
332707	56690	58031	1
112529	198435	198450	2
625158	450167	455336	3
28048	640743	641274	0
625158	859405	859840	1
28048	679506	680935	0
672032	48310	48391	4
625158	115560	116703	1
28048	610047	610387	0
293288	121179	123198	1
774208	759502	762251	3
744961	875054	875647	1
728027	682131	682176	1
625158	895732	896278	1
293288	713736	716312	2
112529	600790	607909	6
112529	161207	162563	0
774208	269993	271014	1
293288	675749	676138	0
739285	437529	437924	1
672032	268858	268996	0
28048	335107	338304	1
991464	155584	155606	1
728027	784842	785386	3
332707	639241	640199	1
293288	852157	852858	2
399686	142700	145254	0
672032	70600	71283	4
744961	581492	583792	1
991464	746788	749409	6
399686	349833	352613	2
774208	245816	245830	1
991464	525111	525184	0
991464	227393	227622	2
774208	203192	207609	5
728027	209772	210869	3
112529	432821	437421	4
625158	361623	365538	2
739285	781259	782147	0
728027	355560	356213	3
774208	25904	27129	1
739285	345682	346588	1
672032	780226	780277	0
744961	819412	820284	0
28048	908625	908793	0
744961	57848	58031	0
332707	903971	905208	0
774208	563814	571195	1
399686	397180	397329	2
625158	649034	650149	0
625158	735441	737744	0
625158	658850	658980	0
625158	812088	815460	2
622093	141977	142046	1
672032	807913	810740	1
