fromId	keyId	targetId	timeout
158919	788084	788853	0
132507	890199	892206	8
1001727	679421	680935	0
950839	328944	329327	3
1001727	9031	9550	1
222181	412624	413052	0
244247	279446	280260	1
255579	241957	242213	1
659298	792692	794879	0
145254	1043456	1044272	7
950839	448750	448841	0
290401	1022758	1023379	5
950839	666146	667260	2
255579	930655	931681	1
1001727	537443	538118	1
132507	52802	58031	7
944266	967970	970485	1
158919	94901	95908	3
290401	294476	296126	0
255579	444946	445869	0
370308	928516	928731	2
132507	779827	780277	3
145254	819344	820284	1
145254	230819	231678	2
145254	511545	512353	0
370308	995257	995491	3
403237	379104	379105	1
944266	822939	823465	0
290401	681984	682121	0
244247	459597	461652	0
244247	99222	102123	2
403237	344584	346588	2
132507	506528	507083	0
290401	975032	976853	3
255579	918139	920026	1
403237	219721	221072	1
1001727	962245	966144	5
403237	500046	502601	1
290401	469606	470575	0
944266	405850	406102	2
290401	448330	448841	0
145254	454060	455336	0
950839	1026125	1026318	2
654597	68605	68873	4
145254	593189	596578	0
132507	394615	397329	1
244247	642526	643586	0
944266	258014	258798	1
158919	120335	123198	1
244247	545361	545659	0
158919	110616	111713	1
370308	731376	737744	5
222181	300718	300832	0
572536	248942	249946	2
944266	270555	271014	0
290401	67518	68873	2
950839	547911	549972	1
158919	617826	622093	5
290401	132831	133308	2
659298	43975	45960	2
654597	972809	976853	3
950839	417617	418391	2
145254	8555	9550	6
1001727	960432	960789	4
944266	397702	399686	3
222181	818834	820284	0
132507	297217	299782	7
370308	132630	132632	1
950839	595099	596578	0
572536	952502	953197	0
145254	266576	267886	3
132507	885390	885717	6
370308	739226	739285	3
403237	99665	102123	8
255579	416345	417194	0
132507	968371	970485	2
403237	255448	255555	1
950839	226421	226498	0
572536	763010	765652	1
290401	884189	885022	0
950839	34214	34514	2
944266	529814	532626	4
132507	680988	682121	2
370308	246461	247089	1
222181	45536	45960	0
654597	437453	437924	2
222181	619606	622093	1
222181	652663	653103	1
255579	794083	794879	0
222181	304744	306076	0
659298	28199	29965	0
403237	732528	737744	5
572536	917830	920026	1
255579	454988	455336	0
654597	722861	723648	0
222181	14808	15228	0
944266	997586	1000187	1
145254	54324	58031	11
132507	297674	299782	7
950839	505077	505596	1
132507	272709	273352	3
654597	17548	23146	1
572536	323593	323986	0
572536	548851	549972	0
158919	425786	429707	1
659298	894386	894583	0
222181	156999	157920	1
255579	591629	591862	0
944266	592405	596578	0
145254	693944	695538	3
290401	147027	149423	1
944266	290806	292738	0
370308	473898	474019	0
1001727	391336	394309	4
659298	273601	274989	1
145254	584043	586117	1
244247	964757	966144	0
572536	203110	207609	3
255579	293128	293288	0
944266	770781	771016	0
370308	373428	374625	0
145254	107567	110457	9
244247	837970	838284	0
290401	525122	525184	1
572536	579966	581096	0
370308	152937	153570	1
145254	819061	820284	1
290401	701935	702175	0
572536	43289	45960	1
370308	172407	173024	2
950839	610979	611271	0
255579	344702	346588	3
290401	864330	865765	0
290401	953597	954834	4
659298	14309	15228	0
403237	779763	780277	4
158919	161910	162563	0
145254	305562	306076	0
370308	999848	1000187	4
944266	497587	498420	1
255579	676275	676976	0
1001727	1027131	1028002	0
1001727	907309	908372	4
244247	814330	815460	0
222181	862651	862978	0
244247	41915	45960	2
290401	519581	519666	1
290401	852717	852858	0
145254	878355	880778	2
654597	500639	502601	1
944266	535569	538118	1
572536	234673	237647	1
1001727	556851	557799	1
944266	185677	186016	0
950839	228065	228625	0
370308	793750	794879	0
244247	747945	749409	0
290401	835722	838284	6
145254	110361	110457	9
659298	617142	622093	6
950839	844642	851350	5
403237	497633	498420	1
158919	342524	346588	1
255579	581791	583792	1
950839	999366	1000187	0
222181	1032386	1039150	1
290401	700596	702175	0
132507	375197	375967	3
572536	584242	586117	1
145254	10054	13330	7
132507	595311	596578	7
145254	675425	676138	1
403237	576653	578227	2
132507	780913	782147	3
370308	788025	788853	0
158919	209244	210869	1
158919	249334	249946	0
370308	120320	123198	1
370308	426336	429707	0
944266	944808	946242	2
1001727	648901	650149	0
132507	336933	338304	2
370308	51675	58031	6
290401	920412	920607	0
132507	705509	706307	1
1001727	474110	474961	0
1001727	99223	102123	2
158919	739970	742859	2
403237	963406	966144	6
944266	1007047	1009650	1
244247	1042621	1044272	1
944266	632908	633398	0
1001727	652987	653103	0
1001727	307018	308324	3
654597	98225	99099	6
290401	373310	374625	0
370308	784875	785386	1
