fromId	keyId	targetId	timeout
359864	565961	571195	2
961350	206003	207609	3
90093	655116	657225	3
1029343	807400	807477	1
173024	1010906	1012464	4
935927	209244	210869	1
359864	386320	387499	0
472226	186635	193821	3
654959	623978	624980	2
909414	173822	175354	0
749409	476828	477345	1
749409	590845	591557	3
50882	418811	420469	8
1029343	354570	354873	2
202941	373149	374625	0
961350	835859	838284	6
472226	756944	762251	3
749409	132632	132632	2
654959	1008869	1009650	3
935927	383420	383969	1
749409	877581	877936	0
90093	86212	87060	0
472226	91646	92257	1
935927	1005768	1009650	0
50882	809121	810740	2
909414	882718	883083	1
654959	540568	542285	1
961350	182044	182109	0
1026318	160313	162563	1
654959	367509	367995	3
1026318	605863	607909	3
359864	39919	40539	1
935927	243182	244119	0
472226	79414	81421	3
472226	790956	791269	0
935927	382102	383205	1
359864	712591	713286	0
472226	193006	193821	1
961350	491376	492068	0
654959	66042	68873	5
935927	461060	461652	0
50882	31152	31961	3
202941	216839	216883	0
1026318	681369	682121	0
671525	534194	535002	1
935927	555298	555642	1
559477	985535	989899	2
559477	703978	706307	0
559477	563403	571195	1
559477	1032018	1032148	3
1026318	1001341	1001727	1
379105	881666	882152	2
559477	434720	437421	1
379105	71669	73808	5
749409	694330	695538	2
935927	617559	622093	2
472226	801034	802003	0
935927	580536	581096	0
961350	365744	366918	2
50882	583357	583792	0
50882	424294	424541	8
50882	865023	865765	0
90093	441514	441627	1
173024	114194	114607	2
935927	141763	142046	5
671525	460879	461652	0
961350	653497	654597	1
472226	166374	168114	0
90093	772490	774028	2
671525	55491	58031	6
1026318	712988	713286	0
961350	890194	892206	5
472226	366841	366918	0
654959	519481	519666	1
50882	203883	207609	4
359864	667419	667499	0
559477	494498	495042	1
359864	752239	752709	0
749409	648072	648336	1
359864	235528	237647	0
749409	957538	958104	5
379105	521987	523537	1
173024	47733	48391	2
1026318	911641	913882	2
671525	621362	622093	0
50882	767668	767879	3
379105	607638	607909	0
935927	956035	957165	0
961350	335257	338304	4
1026318	971759	976853	2
961350	896987	897487	5
749409	413120	414608	6
1026318	1028183	1029343	0
359864	590459	590546	1
379105	1020696	1020859	1
50882	718323	719330	4
1029343	407497	408160	2
379105	573933	578227	0
202941	312458	314036	1
50882	890388	892206	2
1029343	748433	749409	2
472226	970742	976853	2
909414	590302	590546	0
749409	933252	934390	2
671525	182592	186016	2
202941	59695	60418	0
1026318	277431	277634	0
559477	796632	799194	2
90093	765217	765652	0
173024	365147	365538	0
1029343	617358	622093	6
654959	808569	810740	2
654959	907700	908372	2
559477	696843	696859	0
1029343	301155	304639	0
909414	789073	790293	0
50882	97284	99099	0
559477	870515	872105	0
50882	977360	984060	5
202941	22375	23146	0
961350	336924	338304	4
671525	740088	742859	2
961350	103459	104652	0
1026318	397274	397329	1
559477	215856	216445	0
1026318	307438	308324	2
909414	528155	528294	0
935927	712731	713286	2
173024	997603	1000187	5
559477	910316	911364	0
654959	555116	555642	2
935927	173541	175354	0
909414	990439	991464	0
671525	868773	869327	0
472226	163154	163718	0
50882	893119	893659	1
50882	114078	114607	1
559477	80125	81421	0
173024	260194	260422	0
671525	319122	319165	2
935927	362906	365538	4
1029343	480933	481797	1
379105	657982	658390	0
90093	922372	923615	0
935927	479218	479954	0
559477	594286	596578	0
379105	142893	145254	2
749409	217975	218544	0
961350	116572	116703	0
359864	272069	273352	0
559477	895837	896278	1
1026318	552810	553941	0
935927	207357	207609	1
961350	863810	863975	4
935927	655503	657225	1
472226	780984	782147	0
671525	118474	118661	1
379105	377184	377243	5
472226	499962	502601	0
379105	767256	767879	6
559477	83994	85128	0
472226	726249	727116	1
671525	482489	483867	0
50882	1020437	1020859	3
90093	582918	583792	1
671525	34235	34514	4
1029343	478179	479954	1
359864	726708	727116	0
379105	527038	527493	0
173024	903478	905208	2
1026318	380018	381101	0
749409	975714	976853	4
559477	138331	138649	3
1026318	78867	81421	3
961350	419967	420469	3
654959	384789	385773	5
359864	771055	771689	0
359864	285437	285614	2
379105	548165	549972	1
671525	96852	96936	1
379105	795315	796204	1
671525	770706	771016	0
935927	669378	670763	1
559477	779755	780277	6
1029343	41429	41679	0
202941	670448	670763	7
909414	304435	304639	2
50882	766630	767879	3
1029343	689672	689707	2
671525	320482	323492	4
379105	305032	306076	1
1029343	613754	614437	5
1026318	79795	81421	3
173024	641387	641434	3
359864	958072	958104	0
909414	794769	794879	0
749409	39742	40539	0
