fromId	keyId	targetId	timeout
458000	667057	667499	1
495341	178550	179957	0
818396	904369	905208	0
225618	1010880	1012464	1
274989	386671	387499	1
559848	122805	123198	0
609544	755045	757484	0
225618	587570	589154	0
636019	41148	41679	1
527493	38295	39534	0
527493	798562	799194	0
409236	973649	976853	1
225618	791072	791269	1
583792	128848	131196	0
527493	541829	542285	0
609544	599425	607571	0
559848	1031222	1032148	1
589154	573758	578227	2
636019	248747	249946	0
225618	239901	241047	0
274989	971550	976853	1
409236	582532	583792	0
40759	140295	140443	0
225618	186090	186474	0
609544	337561	338304	0
609544	557369	557683	0
636019	336307	337304	0
274989	387130	387499	1
527493	192492	192665	0
589154	112267	112529	0
559848	825674	825770	1
1032148	870059	872105	0
458000	973404	976853	1
818396	475893	476042	0
458000	550843	551130	0
583792	758303	761194	2
225618	453618	455336	0
583792	755566	757484	2
274989	643348	643586	0
458000	490712	492068	0
409236	754001	754708	0
406610	614657	615247	0
458000	723340	723648	0
583792	1020785	1020859	1
535002	686200	689477	0
535002	671669	672032	0
589154	531679	531849	0
636019	187546	191401	0
406610	403300	404091	0
54609	246417	247089	0
583792	463478	464043	0
225618	421052	421167	0
495341	668243	669267	0
559848	122321	123198	0
818396	334586	337304	0
559848	548475	549972	1
495341	696778	696859	0
535002	893836	894583	0
274989	451165	451797	0
589154	154301	155559	0
589154	700097	700300	0
294083	295606	296126	0
54609	209477	210869	0
527493	782636	785342	1
609544	499465	502601	0
527493	487425	487557	0
495341	824318	825407	1
92829	692175	693176	0
609544	37955	38145	1
458000	151024	152478	1
409236	597795	598015	0
406610	734895	737744	0
40759	916770	917216	1
818396	314024	314036	0
458000	743873	744095	0
54609	995861	995910	1
527493	452858	455336	0
294083	329501	330701	0
1032148	253553	254307	0
535002	146749	149423	0
294083	385772	385773	0
559848	487915	492068	0
535002	25974	27129	0
527493	198989	199265	0
40759	470231	470575	0
609544	501961	502601	0
636019	458978	461652	0
535002	151774	152478	0
818396	435015	435554	0
406610	1008542	1009650	0
54609	296530	297772	0
40759	720638	722433	2
583792	454719	455336	0
535002	896565	897487	0
1032148	473035	473349	1
559848	1047048	1048453	1
458000	722938	723648	0
294083	102263	104652	0
40759	115686	117075	1
406610	866123	866689	0
225618	1007329	1009650	1
458000	944364	944455	1
583792	414353	414580	0
225618	244837	245695	0
406610	728132	728810	0
409236	609760	609989	0
92829	278700	279679	4
583792	518409	519666	0
1032148	310374	312091	0
559848	349946	352020	0
409236	354373	356213	1
409236	935154	935606	0
559848	69979	70085	0
225618	449886	450080	0
559848	861711	861931	1
589154	315623	316427	0
54609	720966	722433	0
54609	882251	883083	3
1032148	820491	821616	0
495341	636713	638842	0
40759	564774	571195	1
92829	194735	195934	0
818396	480435	481797	0
54609	839762	840560	0
535002	1005653	1009650	0
589154	967507	969501	2
527493	652901	653103	0
559848	827831	828258	1
583792	1021574	1023379	1
818396	747920	750208	2
406610	599931	607571	0
406610	71940	73035	0
409236	165597	166042	0
583792	10454	10639	1
535002	351717	352020	0
1032148	492521	492527	0
458000	657818	658390	0
495341	127912	128401	0
1032148	722696	723648	0
406610	715400	715899	0
406610	243124	243146	1
589154	79312	81421	0
583792	329304	329327	0
54609	109493	110457	0
527493	17047	24233	2
636019	809370	810428	0
1032148	570417	571195	1
583792	804172	804403	0
458000	555313	555320	0
40759	229732	229784	0
559848	301507	304639	0
92829	600519	607571	0
40759	466234	466721	0
589154	443186	443284	0
535002	802263	804403	0
609544	541259	542285	0
406610	347058	348855	0
274989	503738	504141	0
225618	998896	1000187	2
1032148	295059	296126	0
274989	244339	244616	1
274989	307362	307895	0
458000	730218	730571	0
274989	603030	607571	0
589154	17843	24233	3
1032148	461827	464043	0
527493	667342	667499	0
458000	950031	950468	3
609544	1010525	1012464	0
274989	784356	785342	0
636019	460063	461652	0
406610	141868	142046	0
274989	83459	83976	0
294083	550231	551130	0
583792	94019	94902	0
495341	602320	607571	0
40759	828503	830743	2
609544	178633	179957	2
409236	1008508	1009650	0
274989	628712	629887	0
495341	618218	622093	1
406610	324277	326335	0
636019	597313	598015	1
559848	249513	249946	0
583792	333840	334574	0
818396	45602	45960	0
458000	40845	41679	2
589154	113790	114607	0
818396	207674	208458	0
1032148	692939	693176	0
495341	756347	757484	0
458000	544769	545298	1
636019	84972	85128	1
92829	313358	314036	1
1032148	161682	162563	0
409236	432912	435554	0
1032148	181937	182412	1
