fromId	keyId	targetId	timeout
753387	70282	71283	7
728810	259179	260029	4
571195	724814	727116	0
646173	402270	402288	0
771689	1028328	1029343	1
771689	308342	308939	2
771689	525481	526807	0
682424	884121	885022	0
495042	469359	470575	5
996198	184183	186016	2
834327	472716	472812	1
457342	506831	507083	0
834327	317414	319165	1
753387	276780	277634	0
457342	368941	370308	6
834327	55332	58031	2
791933	176903	177231	0
457342	355834	356213	3
571195	670869	671525	3
1023440	201513	202941	5
682424	209606	210869	1
457342	290985	292738	2
495042	206290	207609	8
646173	863797	863975	0
495042	945424	946242	2
728810	63768	64312	2
571195	233489	237647	1
771016	670191	670763	0
996198	38326	40539	1
728810	631008	633398	1
728810	444534	445869	3
571195	657938	658390	2
646173	322352	323492	4
457342	946011	946242	3
834327	300606	300832	4
834327	212453	212676	1
1023440	875657	876946	8
1023440	967459	970485	6
646173	109579	110457	3
646173	638444	638842	0
771689	968955	970485	1
996198	255543	255555	0
791933	209650	210869	6
728810	277789	280260	4
771016	322437	323492	5
771689	965516	966144	0
457342	583962	586117	2
996198	966022	966144	0
571195	429976	431308	1
771689	602668	607909	1
771689	1013778	1018364	4
1023440	262997	263199	1
791933	694223	695538	9
771016	959300	960789	0
771016	480430	481797	3
771689	233185	237647	2
771016	850593	851350	1
834327	631944	633398	1
996198	449883	450080	1
457342	619498	622093	3
682424	243059	243146	0
1023440	741743	742859	8
682424	784961	785386	1
834327	498875	499381	1
646173	866308	868630	3
571195	214697	215127	1
1023440	968050	970485	6
996198	6190	6426	0
495042	659440	662550	0
791933	138119	138649	6
1023440	366111	366918	0
495042	122162	123198	2
834327	741980	742859	6
1023440	5595	6426	1
728810	814652	815460	0
996198	607092	607909	2
646173	247564	248234	1
495042	350390	352613	3
996198	952785	953197	0
771016	751568	751979	1
457342	1043943	1044272	7
771689	932401	934390	1
646173	957073	957165	0
771689	162331	162563	1
791933	945461	946242	1
834327	636194	638842	2
753387	297184	299782	1
996198	697049	700385	2
791933	184583	186016	1
571195	626598	627076	2
571195	146437	149423	3
753387	403343	404091	2
791933	199471	199657	4
646173	347002	349547	4
457342	834863	835390	3
834327	207402	207609	1
771689	902453	905208	0
457342	759586	762251	2
791933	697429	700385	9
771016	120361	123198	1
771016	923841	924455	0
771689	749182	749409	1
1023440	373474	374625	2
646173	96367	96511	3
753387	644556	646173	3
571195	458211	458316	0
1023440	841191	844119	3
753387	62858	63567	7
753387	808401	810740	1
771016	1028460	1029343	1
771689	963477	966144	1
834327	458935	461652	1
646173	769024	771016	1
646173	870082	872105	1
996198	509112	510670	1
571195	302344	304639	3
771689	50840	50882	2
457342	1025330	1025369	7
728810	2108	3041	0
571195	559926	561988	1
834327	903327	905208	0
646173	840211	840560	1
791933	106129	106778	5
753387	205361	207609	2
771016	119458	119730	4
771689	657705	657790	0
1023440	426198	429707	2
771689	438251	439346	4
728810	622459	624980	2
728810	229755	229784	3
646173	104239	104652	3
771689	824379	827146	8
571195	386880	387499	0
646173	27783	28048	2
571195	876052	876946	1
571195	241071	242213	1
996198	156234	156453	0
1023440	711426	712247	5
1023440	806850	807477	3
996198	56340	58031	1
996198	915682	917216	0
791933	337389	338304	0
771689	993663	994191	1
791933	131214	132507	7
1023440	758341	762251	6
457342	245101	245830	2
495042	1043560	1044272	3
753387	681801	682121	4
791933	599552	607909	7
771016	166451	168114	1
495042	4054	4563	2
571195	862923	862978	0
1023440	483310	483867	1
834327	540050	542285	1
457342	379692	381101	5
646173	83015	83034	2
771689	386356	387499	3
682424	218746	221072	1
771016	227594	227622	2
571195	685264	689477	0
834327	997644	1000187	1
646173	490775	492068	2
834327	251631	252008	2
457342	947492	947682	2
834327	995127	995491	0
834327	131430	132507	2
571195	7693	9550	0
834327	24792	27129	1
1023440	403589	404091	2
457342	850848	851350	4
771689	857890	859840	0
682424	859952	860219	0
682424	302746	304639	0
834327	425351	429707	5
457342	1036092	1039150	7
682424	795886	796204	0
457342	135788	137461	14
646173	400348	402288	1
457342	537548	538118	0
682424	217168	218544	2
996198	339999	340970	0
996198	998133	1000187	0
646173	817953	820284	3
495042	233199	237647	5
682424	96085	96511	1
996198	359406	359864	3
771016	657463	657790	0
771016	182657	186016	3
834327	438717	439346	2
834327	506728	507083	1
791933	283339	283843	0
571195	715282	716312	1
682424	830850	833608	3
771016	762097	762251	1
791933	822532	823465	1
996198	696496	696859	1
495042	212492	212676	5
