fromId	keyId	targetId	timeout
308333	584663	586117	1
667499	674358	676138	0
308333	861368	861931	2
617117	655113	657225	1
520011	1028617	1029343	6
381101	847365	851350	1
197477	318968	319165	1
381101	242481	243146	1
641274	45125	45960	1
102123	75649	76909	11
197477	766336	767879	2
155606	324860	326335	0
102123	972024	976853	1
197477	325793	326335	3
381101	93215	94002	3
667499	158162	158919	0
787094	216675	216883	1
617117	306225	306790	3
308333	695020	695538	0
168232	431373	432312	0
520011	812201	815460	0
641274	843356	844119	0
617117	688608	689477	0
667499	170711	171644	0
667499	583450	583792	0
168232	812904	815460	4
155606	670013	670763	1
168232	121500	123198	1
211368	172625	173024	0
155606	857692	859840	0
589565	186213	186474	7
211368	356889	359864	3
547526	148900	149423	5
168232	853377	853530	9
155606	334673	338304	1
168232	963423	966144	2
308333	583345	583792	0
102123	187633	193821	4
617117	571520	572536	4
102123	719989	720042	1
6426	616400	617117	7
211368	882779	883083	0
547526	792275	794879	1
617117	3431	3908	2
168232	444811	445869	0
211368	958252	958293	0
102123	50147	50882	2
6426	349762	352613	1
211368	462452	464043	1
520011	52448	58031	8
102123	454017	455336	0
6426	880816	882152	6
617117	429167	429707	4
667499	89804	90093	0
547526	944110	944266	7
547526	1025971	1026318	2
667499	565969	571195	1
308333	664994	665069	2
155606	276504	277634	1
308333	445646	445869	0
589565	1024259	1025369	8
308333	746821	749409	0
520011	904643	905208	0
155606	495115	495341	3
308333	204732	207609	3
168232	191387	193821	4
520011	989021	989899	5
589565	296432	299782	8
211368	828889	830743	0
102123	985419	989899	4
520011	686377	689477	0
197477	982450	984060	4
589565	836672	838284	0
520011	693875	695538	2
381101	888178	889666	0
102123	821838	822005	3
589565	195301	195934	7
617117	402480	402582	2
102123	269293	269522	3
641274	206159	207609	2
617117	1007046	1009650	6
617117	591751	591862	5
520011	427403	429707	2
197477	717414	719330	0
787094	335084	338304	1
168232	226731	227022	0
520011	894025	894583	0
589565	811051	815460	3
617117	578028	578227	4
520011	757044	762251	3
155606	200104	201347	2
155606	332444	332598	0
102123	805432	807477	3
211368	705670	706307	1
547526	908506	908793	2
211368	933496	934390	1
197477	688157	689477	1
641274	142144	142276	0
381101	515099	516056	1
520011	819606	820284	0
308333	452978	455336	0
308333	590132	590546	0
787094	130371	132507	4
641274	7290	9550	0
211368	711489	712247	1
155606	266926	267886	4
6426	263039	263199	2
102123	594746	596578	5
381101	209832	210869	5
617117	618531	622093	0
6426	138360	138649	6
787094	748983	749409	5
589565	120189	123198	7
168232	253079	254520	1
211368	660607	662550	1
617117	139670	142046	7
589565	327980	328277	5
641274	54823	58031	3
308333	229033	229784	2
102123	457939	458316	1
211368	297316	299782	1
641274	510927	512353	1
547526	825028	827146	6
102123	777546	778081	4
641274	28398	29965	1
197477	944939	946242	3
787094	232892	237647	1
641274	1045866	1048453	0
547526	484928	492068	4
155606	685861	689477	0
155606	514987	516056	4
787094	898114	899487	0
197477	218421	218544	0
211368	209158	210869	15
168232	911835	913882	7
6426	79686	81421	9
381101	788800	788853	0
381101	460246	461652	0
589565	712854	713286	4
787094	102775	104652	1
589565	802753	804403	0
102123	874263	875647	8
308333	1028007	1029343	2
168232	180943	181588	0
787094	120806	123198	1
6426	126859	128401	5
197477	692488	693182	2
381101	1048246	1048453	0
381101	272129	273352	0
589565	304316	304639	6
102123	300964	304639	0
155606	755259	762251	3
641274	364128	365538	2
308333	983908	984060	1
155606	982457	984060	2
6426	455423	455820	5
102123	477303	477345	2
787094	963431	966144	3
211368	905106	905208	0
168232	875879	876946	5
211368	514587	516056	1
667499	871570	872105	0
617117	197584	197817	2
155606	200062	201347	2
6426	236654	237647	4
520011	120868	123198	1
520011	38334	40539	1
381101	328602	329327	0
381101	578357	578665	0
667499	337606	338304	0
197477	683655	683826	1
589565	464187	467177	4
667499	13964	15228	2
667499	494928	495042	0
102123	905982	908372	1
102123	113527	113664	0
617117	439307	439346	3
102123	795104	796204	3
641274	355006	356213	2
102123	861714	861931	8
155606	186661	193821	6
589565	752014	752709	0
641274	465648	467177	3
155606	612586	614437	1
6426	378771	378843	0
787094	121410	123198	1
102123	683555	683826	1
547526	343197	346588	5
211368	2870	3041	2
102123	994178	994191	0
102123	528668	532626	6
6426	494697	495042	7
617117	355179	356213	3
102123	531008	532626	5
381101	516327	517644	0
308333	889396	889666	2
617117	860911	861931	1
