fromId	keyId	targetId	timeout
920026	581942	583792	7
87060	457281	457342	0
519666	139889	142046	1
152517	848723	851350	2
326335	709206	712247	6
87060	660969	662550	0
720042	682103	682121	5
852858	211032	211368	1
712247	330046	330701	5
377694	5685	6426	0
87060	448600	448841	0
377694	934857	935606	0
720042	453638	455336	0
920026	644547	646173	2
114787	729714	737744	3
578227	763407	765652	2
712247	696769	696859	1
852858	989863	989899	0
991799	472102	472226	0
920026	999026	1000187	2
114787	223041	225378	0
578227	10355	13330	4
720042	987783	989899	5
578227	856839	856857	0
920026	519869	520011	3
326335	368005	368460	1
285834	516914	517644	0
152517	99438	102123	3
720042	790840	791269	1
712247	259136	260029	4
885717	1024552	1025369	1
285834	313856	314036	0
720042	54071	58031	8
114787	790363	791269	0
720042	215589	216445	0
326335	7837	9550	1
87060	793209	794879	1
991799	292849	293288	2
519666	33019	34514	1
578227	53435	58031	7
720042	590777	591557	1
920026	391135	394309	2
578227	627431	630942	2
377694	363378	365538	7
852858	652495	653103	6
991799	605296	607909	2
885717	963285	966144	1
885717	933888	934390	1
885717	753083	753387	7
920026	503808	504141	0
377694	189436	193821	7
114787	736105	737744	0
578227	354060	354873	1
578227	392374	394309	1
377694	456126	457146	0
87060	110322	110457	0
712247	1035405	1039150	2
87060	1014673	1018364	8
377694	30214	31961	1
920026	825295	827146	8
852858	469070	470575	0
885717	116955	117075	4
712247	1033847	1039150	2
285834	396975	397329	1
152517	713177	713286	2
87060	849703	851350	1
285834	530900	532626	3
991799	12954	13330	0
377694	1024339	1025369	1
519666	804243	804403	0
885717	147079	149423	6
285834	368931	370308	8
852858	808025	810740	1
578227	755304	762251	5
87060	539834	542285	4
87060	82476	83034	7
991799	124080	125214	4
87060	274613	274989	0
377694	734814	737744	0
712247	827351	828258	2
720042	755311	762251	3
852858	924616	924989	2
87060	1000233	1001727	4
991799	202476	202941	4
852858	308622	308939	5
87060	489072	492068	0
87060	986541	989899	4
285834	12239	13330	2
152517	111908	112529	1
87060	811257	815460	3
377694	458133	458316	0
152517	22585	23146	1
114787	1152	3041	0
720042	281834	283843	2
114787	950933	952167	0
87060	696283	696859	0
991799	276954	277634	2
152517	231574	231678	0
991799	355899	356213	2
885717	1046540	1048453	2
578227	111241	111713	5
852858	727188	727646	0
377694	380469	381101	0
519666	804379	804403	0
852858	409916	413052	2
852858	1025513	1026318	1
991799	621193	622093	4
712247	697324	700385	2
991799	244736	244745	2
87060	33138	34514	6
712247	769497	771016	1
885717	479956	480277	3
720042	509841	510670	0
712247	804395	804403	0
920026	324445	326335	0
920026	919706	920026	0
87060	484833	492068	1
326335	450156	455336	1
519666	580861	581096	1
326335	223394	225378	7
377694	626334	627076	0
377694	254040	254520	1
578227	513333	516056	3
326335	985052	989899	6
519666	75840	76909	7
152517	693572	695538	2
578227	290249	290401	5
326335	782643	783276	10
519666	425358	429707	6
720042	33459	34514	4
326335	919535	920026	1
326335	407771	408160	0
152517	596559	596578	0
991799	900090	905208	2
519666	878440	880778	1
991799	330573	330701	4
991799	549688	549972	0
578227	649182	650149	0
885717	616537	617117	3
377694	975137	976853	1
720042	398206	399686	1
285834	598635	607909	2
991799	844397	851350	3
852858	132220	132507	3
720042	963242	966144	1
885717	402006	402288	6
377694	447284	448841	0
326335	706800	707032	5
852858	870172	872105	0
377694	615000	615247	0
519666	711014	712247	1
326335	394904	397329	0
519666	437768	437924	4
991799	6246	6426	0
326335	654337	654597	5
852858	746419	749409	3
152517	28136	29965	0
920026	407602	408160	0
712247	19678	23146	2
991799	55429	58031	3
852858	730817	737744	2
712247	639095	640199	1
920026	404861	405815	0
720042	328998	329327	0
920026	741764	742859	2
920026	58343	58730	0
114787	771989	772294	0
852858	534355	535002	0
285834	989545	989899	2
114787	134223	135423	2
326335	806709	807477	4
991799	678730	680935	2
852858	104625	104652	3
720042	255622	256243	1
712247	734926	737744	0
114787	656422	657225	1
285834	212224	212676	3
87060	916047	917216	3
114787	451557	455336	1
852858	305907	306076	5
991799	295652	296126	2
991799	706705	707032	1
326335	87097	90093	8
87060	492606	492906	0
519666	880868	882152	0
326335	239382	241047	8
720042	138529	138649	12
326335	391508	394309	1
152517	942525	944266	0
152517	701251	702175	1
326335	252957	254520	8
326335	44968	45960	4
712247	177265	177600	2
519666	467866	470575	4
285834	673146	673373	1
326335	61600	63567	5
152517	354211	354873	0
