fromId	keyId	targetId	timeout
791269	863390	863975	0
510670	4907	6426	1
268044	465839	467177	6
949659	807035	807477	2
268044	805531	807477	1
60418	851090	851350	4
256585	349910	352613	2
545171	363835	365538	1
693182	57948	58031	0
862978	968470	970485	1
693182	524208	525184	1
693182	153118	153570	3
545171	218112	218544	3
551130	779856	780277	2
949659	784841	785386	4
693182	739949	742859	2
377357	730433	737744	3
60418	1028622	1029343	7
268044	267067	267886	2
516056	464124	467177	3
791269	590823	591557	7
551130	339516	339686	0
791269	91928	92257	7
256585	562967	563267	2
268044	815011	815460	0
256585	783204	783276	0
268044	282237	283843	0
268044	543191	545171	4
60418	577051	578227	5
551130	184315	186016	2
862978	54204	58031	3
510670	203941	207609	6
377357	613411	614437	0
780277	675777	676138	0
510670	967289	970485	1
551130	438262	439346	1
256585	628630	630942	2
949659	655111	657225	3
545171	85656	87060	2
791269	577583	578227	7
256585	423416	424541	0
256585	455833	457146	0
949659	381917	383205	4
268044	27107	27129	0
949659	953940	954834	0
510670	574544	578227	0
693182	186741	193821	5
256585	834141	834327	2
510670	823987	827146	4
780277	600353	607909	1
256585	769935	771016	0
268044	239801	241047	0
551130	593989	596578	2
693182	843615	844119	2
256585	109695	110457	1
545171	286871	287175	1
791269	105623	106778	5
780277	366861	366918	1
377357	105964	106778	3
693182	445434	445869	1
862978	29235	29965	0
862978	899858	905208	2
780277	567894	571195	1
60418	779400	780277	4
545171	116228	116703	3
268044	285638	285643	0
949659	94567	95908	2
862978	201366	202941	2
256585	921854	923615	0
791269	892	3041	1
780277	372274	374625	1
377357	111893	112529	3
949659	219293	221072	0
949659	43867	45960	0
551130	340730	340970	0
545171	105168	106778	3
377357	596772	598177	1
60418	398762	399686	6
949659	1024400	1025369	2
377357	1046126	1048453	0
949659	943830	944266	1
780277	203213	207609	7
60418	870749	872105	4
791269	270533	271014	0
256585	324130	326335	1
791269	752460	752709	10
516056	501029	502601	1
862978	286730	287175	0
268044	160829	162563	1
791269	857364	859840	0
545171	313657	314036	2
516056	529293	532626	3
693182	41619	41679	0
516056	109045	110457	1
256585	264935	265451	0
545171	453904	455336	1
862978	310002	310033	1
949659	650150	652401	2
516056	484196	492068	3
780277	637150	638842	0
693182	657357	657790	3
862978	175207	175354	1
377357	317292	319165	1
862978	594758	596578	0
510670	880383	880778	3
256585	396820	397329	0
377357	65198	68873	5
510670	110360	110457	4
949659	885766	889666	5
551130	396776	397329	2
551130	766245	767879	1
256585	174123	175354	0
551130	620376	622093	0
377357	241552	242213	1
551130	148304	149423	2
60418	122909	123198	0
516056	453813	455336	1
780277	64884	68873	2
551130	553006	553941	0
256585	766466	767879	0
949659	53141	58031	4
780277	23784	27129	2
268044	587281	587390	6
551130	427876	429707	0
949659	83549	83976	2
949659	900662	905208	1
780277	20238	23146	2
551130	767317	767879	0
60418	291089	292738	2
60418	100511	102123	2
862978	71112	71283	3
862978	239425	241047	1
256585	829981	830743	0
780277	327237	327710	1
516056	909345	909414	1
693182	687410	689477	3
268044	830665	830743	0
516056	122282	123198	1
791269	474088	474961	6
693182	440524	441627	1
60418	437472	437924	4
510670	252633	254520	2
516056	93244	94002	1
256585	164918	166042	0
377357	388613	388790	0
516056	378993	379105	2
516056	845644	851350	3
256585	367538	367995	1
862978	1040541	1042530	1
256585	125691	128401	2
256585	1047361	1048453	0
551130	964376	966144	5
510670	413459	414608	3
791269	436269	437421	4
949659	917608	917619	2
780277	328965	329327	1
780277	273894	274989	0
693182	670052	670763	4
551130	606989	607909	3
377357	642411	643586	0
780277	562932	563267	2
862978	463765	464043	0
510670	953298	954834	0
268044	996051	996198	2
60418	528484	532626	9
268044	720370	722433	11
551130	1040389	1042530	8
256585	44318	45960	0
60418	841945	844119	4
545171	769751	771016	1
377357	385172	385773	0
949659	441501	441627	2
551130	922069	923615	0
377357	699266	700385	1
510670	787312	788853	0
780277	365244	365538	1
510670	386511	387499	1
949659	758214	762251	6
862978	110905	111713	0
949659	757544	762251	6
268044	594346	596578	6
949659	974972	976853	0
516056	167722	168114	1
862978	571793	572536	0
60418	416519	417194	6
377357	804353	804403	0
268044	890926	892206	7
60418	526642	526807	5
60418	449919	450080	3
510670	29714	29965	2
256585	299754	299782	0
780277	188342	193821	3
516056	560279	561988	0
60418	355266	356213	4
949659	881954	882152	2
516056	1010144	1012464	2
256585	603750	607909	1
