fromId	keyId	targetId	timeout
958293	381262	383205	0
953197	370828	371634	0
3908	11430	13330	0
391643	969209	969501	2
138649	896998	897487	0
399305	441916	442735	0
830743	188035	191401	0
426107	348977	349547	0
156453	339416	339686	0
953197	179379	179957	0
399305	935430	935606	0
399305	314177	315068	1
958293	679705	682121	2
138649	614403	615247	1
958293	380474	381101	0
745434	256257	256585	0
244119	428067	429707	0
156453	311942	312091	0
953197	474330	474961	0
391643	660979	662550	0
426107	335046	337304	0
426107	780045	780277	0
138649	337326	338304	1
391643	1045931	1048453	4
426107	225768	225996	2
3908	916578	917216	2
683826	940245	942126	0
953197	304522	304639	0
3908	1025440	1026318	0
391643	128864	131196	0
3908	501596	502601	1
244119	712890	713286	0
156453	85584	87060	1
391643	926391	926567	0
156453	714439	715133	1
958293	636802	638842	1
745434	135068	135423	0
953197	688636	689477	1
953197	682487	683826	1
683826	814332	815460	1
399305	1037060	1039150	0
138649	442863	443284	0
399305	42021	43174	0
683826	30581	31961	2
138649	128374	128401	0
156453	318812	319165	0
244119	558227	559477	0
426107	459841	461652	0
655085	238724	238986	1
3908	772603	774028	0
830743	717411	719330	1
810428	1013652	1015557	0
683826	501203	502601	0
745434	491556	492068	0
426107	194216	195934	0
953197	225204	225618	2
156453	627415	629887	0
399305	1012632	1013078	0
426107	159936	160878	0
683826	48844	50882	2
391643	986711	989899	2
399305	621282	622093	0
391643	664134	664483	0
790293	162453	162563	0
3908	1043458	1043581	0
655085	354964	356213	0
399305	641753	643586	0
958293	528376	528802	0
810428	421252	422017	0
683826	269164	269522	0
399305	93099	94002	0
426107	875800	876946	0
244119	552279	553941	0
830743	917634	919539	0
244119	560675	561988	0
3908	816087	816250	0
745434	227604	228625	1
138649	168555	170646	0
790293	805362	806794	0
745434	402389	402582	0
244119	966813	969501	0
156453	878309	880570	1
958293	296955	297772	1
391643	318905	319165	0
3908	246823	247089	1
745434	396316	397329	0
391643	334640	337304	0
953197	576561	578227	0
156453	925147	925168	1
244119	676300	676976	0
655085	123295	125214	3
810428	454790	455336	0
3908	450176	451797	0
426107	295099	296126	0
810428	45664	45960	0
810428	257501	257797	0
953197	518788	519666	0
745434	454614	455336	0
156453	89734	90370	2
655085	770802	771016	0
953197	980020	984060	1
391643	630185	630770	0
399305	340731	341916	3
953197	706925	707032	0
399305	369506	370171	1
830743	589410	589565	3
655085	171739	172078	0
426107	504369	505515	0
655085	825938	827146	0
391643	746955	750208	2
655085	659401	662550	0
244119	554285	555320	0
810428	22086	24233	1
830743	581791	583792	3
138649	802506	804403	0
830743	444574	445869	0
683826	1008662	1009650	0
138649	886865	889666	0
958293	484827	487557	0
399305	1021153	1023379	0
655085	603332	607571	0
156453	597234	598015	0
830743	816401	816935	1
958293	215664	216445	0
655085	925993	926567	0
953197	263499	264035	0
156453	337405	338304	0
683826	424643	425631	0
830743	405178	405815	0
810428	202315	202941	0
156453	966182	969501	1
958293	26242	27129	0
958293	767293	767879	0
958293	124671	125214	0
244119	159341	160878	0
138649	754024	754708	2
790293	252280	254307	1
953197	459979	461652	0
810428	314811	315068	0
830743	546181	546905	0
3908	70025	70085	0
810428	519773	519875	1
953197	834714	834834	0
655085	97019	99099	2
391643	376100	376315	0
683826	51625	53455	2
426107	271272	271850	0
244119	123718	125214	0
655085	905855	905962	0
156453	45982	48391	1
745434	737557	737744	1
391643	515457	515586	1
953197	647074	647567	0
426107	816815	816935	0
391643	233066	237647	0
830743	479898	479954	0
244119	631559	633398	1
745434	538932	539124	1
683826	420343	420469	0
156453	874832	874911	1
830743	1009379	1009650	0
399305	531970	532626	0
399305	373224	374625	1
683826	239739	241047	0
745434	319676	319775	0
3908	879642	880570	0
683826	156230	156453	1
958293	84464	85128	0
830743	64831	67471	0
426107	1048329	1048453	1
391643	515671	519666	3
655085	476205	477345	0
244119	1021706	1023379	1
391643	143253	145254	0
138649	147699	149423	0
156453	927824	927906	1
156453	980344	984060	2
426107	137011	138649	1
391643	72644	73035	0
683826	939688	942126	0
830743	257702	257797	0
683826	620619	622093	0
156453	758117	761194	3
683826	74253	76091	2
655085	346881	348855	0
958293	864342	865765	0
745434	61907	63452	0
953197	797135	798431	2
953197	656229	657215	0
399305	460247	461652	0
391643	168458	170646	0
830743	636870	638842	2
655085	689363	689477	0
830743	414700	415924	0
244119	997574	1000187	1
426107	611964	615247	1
156453	888136	889666	1
