fromId	keyId	targetId	timeout
979430	906084	907033	10
992377	307251	308324	3
796204	583227	583792	12
816935	566945	570375	0
853903	1024928	1026318	2
722433	571535	578227	4
507747	801724	802003	1
507747	104307	106939	10
992377	453972	455336	8
944860	103130	106939	2
68873	90488	91946	0
861378	26330	27453	4
722433	706946	707032	7
796204	725538	727646	8
979430	864530	865765	7
816935	899439	899487	7
979430	380404	381101	13
68873	268712	268770	0
68873	89839	90093	0
796204	36262	38145	0
68873	66160	67678	9
722433	301030	306706	3
507747	623635	624773	4
853903	888172	892206	1
932242	175929	176813	1
932242	126011	131196	8
816935	525830	528802	5
722433	647918	648336	6
979430	581280	583792	3
944860	395554	401960	7
796204	727913	730571	10
796204	376590	376922	6
979430	328675	332157	19
816935	605854	607571	0
853903	453757	455336	3
722433	949993	950468	25
816935	1023274	1023379	2
816935	93116	94902	14
816935	660427	662550	1
816935	1042454	1042530	2
816935	13111	16911	5
932242	712298	713589	7
722433	655778	657225	7
796204	919695	920026	3
816935	593141	598015	1
853903	297783	299782	5
722433	103916	106939	2
861378	852306	852858	28
992377	140069	140443	2
944860	81911	83034	2
816935	303373	306706	2
722433	621810	624773	5
853903	945316	946150	4
507747	479911	480277	3
68873	102136	106939	2
979430	251344	255421	18
861378	293655	293817	2
68873	767323	767879	8
979430	847037	851350	28
853903	741364	742311	4
722433	292368	292738	4
796204	292280	292738	5
722433	25093	27453	1
796204	621727	624773	5
944860	108065	110457	0
722433	606228	607571	4
944860	430299	431308	0
816935	672305	673538	2
816935	364093	365538	0
944860	471347	472812	1
992377	160522	162563	5
722433	947139	947266	10
979430	127047	131196	10
853903	133891	134778	4
944860	787127	790320	8
722433	710962	711452	7
992377	962997	966144	25
853903	251406	255421	11
796204	751337	751979	18
507747	374776	375301	11
979430	923261	924989	9
68873	342786	345676	0
722433	322462	322963	4
979430	1008801	1009650	0
944860	321116	322260	1
979430	399935	401960	13
507747	432914	437421	3
992377	737164	739081	6
979430	780643	782147	18
507747	65279	67678	1
816935	608720	609989	2
507747	225008	225378	9
816935	71561	76091	8
722433	669328	670082	9
992377	34140	34514	0
992377	356503	359864	4
507747	879256	892206	11
853903	12813	16911	3
507747	493217	495042	2
992377	310898	313252	3
992377	715173	715899	4
816935	1004173	1005439	3
861378	852673	852858	28
796204	263078	263199	3
979430	814361	815460	26
944860	911892	912394	7
979430	554971	555320	4
861378	396869	401960	11
853903	588314	589154	10
861378	87664	90093	1
979430	434205	437421	15
507747	322017	322260	8
796204	976415	976853	6
507747	917055	917216	0
796204	840735	851350	3
992377	416014	418391	6
507747	584829	584836	0
816935	422396	424541	2
507747	831324	832532	0
853903	377680	377694	2
853903	198294	198450	2
796204	751245	751979	18
796204	285479	285643	6
816935	298929	299782	0
979430	248863	249946	8
68873	288169	290401	1
722433	404325	406102	16
816935	369200	372033	4
992377	485795	492068	1
861378	447803	448841	1
979430	562414	563209	7
507747	54287	54609	0
944860	799039	799194	5
992377	264651	266680	3
932242	112387	114607	12
68873	829025	832532	7
932242	851659	851872	30
944860	360924	365538	6
932242	27355	27453	2
932242	654500	654959	5
932242	904817	905208	13
722433	298927	299782	1
722433	18450	23146	1
796204	833133	833608	2
992377	529614	531849	2
796204	194234	197817	4
853903	843460	851350	17
796204	946121	946150	4
722433	129089	131196	3
68873	806445	807477	12
796204	669071	670082	6
853903	614285	614437	12
979430	705480	707032	7
816935	93784	94902	14
796204	519878	522408	11
932242	872957	873236	10
853903	993928	995910	2
992377	519052	519666	0
796204	222571	222975	3
816935	316693	319165	0
944860	333534	338304	8
68873	264931	266680	4
979430	987705	991799	2
932242	706086	707032	9
796204	336433	338304	10
932242	401000	401960	8
944860	595687	598015	2
944860	311281	313252	2
853903	428322	431308	10
944860	23760	24233	6
861378	764168	765652	18
853903	332542	332707	3
992377	383827	385773	5
816935	977831	979430	3
68873	343927	345676	0
932242	604071	607571	2
68873	285072	285454	0
944860	236161	237647	0
992377	109972	110457	0
861378	209672	210869	0
853903	453	3041	8
722433	42655	43174	0
932242	351447	353698	10
979430	3081	3790	6
853903	182701	185445	3
944860	931153	931681	2
796204	387355	388598	10
816935	12033	16911	5
796204	573516	578227	12
944860	71049	76091	5
796204	642477	643586	5
507747	518940	519666	0
816935	103199	106939	2
853903	654802	654959	14
861378	619343	624773	2
992377	774408	778081	22
816935	464929	465452	0
