fromId	keyId	targetId	timeout
117075	735688	739081	4
624980	666231	666514	0
798431	246611	248234	15
798431	917424	917619	1
374625	58744	61121	1
117075	783150	785342	3
1040759	1043555	1043581	0
798431	555510	557799	10
225712	539296	553941	29
851350	549607	553941	29
374625	322281	322963	9
671638	765533	765652	3
61121	393757	401960	15
225712	948083	950468	17
671638	98009	99099	10
1040759	243725	244247	6
798431	238408	238942	13
374625	907159	908372	0
1040759	609309	609989	6
225712	456962	457146	5
117075	392559	401960	5
798431	65528	67678	4
851350	729928	730571	20
671638	205565	207609	8
61121	1000199	1002967	21
851350	636316	640199	20
117075	166379	168361	2
61121	576745	578227	18
1040759	986885	991799	12
851350	130263	131196	5
657225	873172	873236	1
851350	641339	641666	21
624980	893716	896184	8
851350	667568	670082	23
657225	110398	110457	0
61121	476873	477345	13
225712	917775	919539	2
225712	766292	766304	0
671638	624225	624773	6
1040759	1013261	1016214	12
671638	993364	995910	5
798431	431725	432312	0
374625	199383	199657	9
624980	618268	624773	6
798431	12378	16911	4
624980	137564	139146	2
225712	677177	679061	1
851350	321372	322260	6
851350	359114	359864	27
657225	640742	641666	15
624980	407579	408160	6
1040759	16783	16911	0
671638	452665	455336	0
225712	1043560	1043581	1
117075	318949	319165	0
657225	461493	465452	11
671638	35462	35893	7
624980	35329	35893	5
624980	624491	624773	5
851350	855790	856857	0
624980	728970	730571	2
61121	676008	676138	21
657225	6059	7207	1
657225	579740	583792	12
657225	562756	563209	12
657225	222053	222181	10
1040759	97926	99099	2
61121	582625	583792	18
225712	12204	16911	9
657225	757966	762251	14
117075	157215	157920	0
624980	604492	607571	6
61121	655705	657225	23
374625	171552	173024	5
671638	446917	448841	0
798431	783387	785342	22
671638	478354	480277	5
671638	629704	630770	7
624980	987315	991799	5
624980	600869	607571	6
225712	925942	926831	3
374625	1041492	1042530	0
624980	782797	785342	15
657225	616398	618091	14
798431	7271	9550	1
225712	464996	465452	5
624980	381474	383205	0
225712	22772	23146	6
61121	1028600	1030193	16
374625	260260	260422	7
1040759	552855	553941	5
657225	73629	76091	1
374625	514611	519666	6
851350	83910	90093	6
657225	374904	375301	7
624980	525232	528802	11
374625	239228	242213	9
624980	791846	791933	17
624980	784855	785342	14
1040759	125549	131196	8
374625	249654	249946	7
798431	987591	991799	2
374625	25114	27453	1
624980	569471	570375	14
671638	716933	719558	3
657225	732528	739081	3
61121	473513	474019	13
374625	186108	193821	8
671638	424038	424541	0
671638	121089	123198	11
61121	468587	470575	13
624980	155801	157920	1
225712	632806	633398	0
657225	194613	197817	11
61121	45040	48391	15
61121	65745	67678	1
657225	637431	640199	15
657225	121354	123198	1
117075	105708	106939	6
117075	121229	123198	0
798431	398686	401960	6
374625	318337	319165	9
671638	590082	591324	3
225712	81983	83034	6
117075	690525	691286	3
671638	750774	751979	3
657225	337014	338304	10
851350	938665	944455	3
225712	838336	839000	2
225712	286810	290401	2
851350	634924	636019	19
1040759	246476	248234	6
374625	326144	332157	17
1040759	975789	976853	11
1040759	1004783	1005439	11
624980	352589	353698	10
117075	729795	730571	1
225712	257643	258030	5
374625	457100	457146	2
671638	75226	76091	16
1040759	20247	23146	1
657225	837099	838284	20
61121	835529	838284	13
851350	734278	739081	22
851350	286091	290401	7
1040759	423579	424541	4
225712	762739	765652	1
657225	18551	23146	1
671638	317634	319165	5
61121	118629	120046	7
671638	18060	23146	6
117075	859962	860321	10
657225	312035	313252	1
225712	646369	646610	1
61121	505523	505997	16
798431	1015096	1016214	4
374625	888444	892206	12
798431	800281	802003	0
225712	522809	523537	0
374625	274187	274989	7
117075	297588	297772	2
117075	731614	739081	8
1040759	1030227	1032148	10
225712	1015595	1016214	0
624980	239276	242213	2
624980	964886	966144	20
225712	156191	157920	8
1040759	766603	767879	6
671638	440944	441627	1
624980	373355	374625	0
225712	782844	785342	1
798431	539254	553941	33
851350	482354	492068	18
374625	673446	673538	5
624980	187411	193821	5
851350	66975	67678	4
657225	277484	277634	0
374625	906786	907033	0
671638	610324	614437	7
225712	571932	578227	6
851350	537403	538177	21
61121	226824	227022	11
1040759	603503	607571	6
117075	1021598	1023379	1
1040759	16368	16911	0
657225	981668	983382	4
624980	331722	332157	8
671638	891137	892206	0
61121	1029471	1030193	15
657225	560750	561988	23
671638	950166	950468	20
225712	964553	966144	26
851350	34163	34514	2
61121	1018951	1020859	21
671638	217771	221165	10
61121	734209	739081	20
624980	702800	703408	4
