fromId	keyId	targetId	timeout
145344	676725	676976	0
715133	406323	406544	0
839000	509881	510670	1
715133	958988	959083	1
145344	251013	252008	0
429756	985179	985974	1
683859	220641	221072	0
48391	38199	39534	3
429756	994803	995491	0
869327	767803	767879	0
99099	849313	851350	0
281017	910308	911364	1
581096	850111	851350	4
171644	931528	931681	0
48391	451465	451797	0
581096	569465	571195	2
32521	114925	117075	1
310033	672147	673373	1
869327	779101	780277	0
429756	231575	231678	0
683859	524888	525184	0
99099	241514	242213	0
281017	1047918	1048453	0
48391	180330	180469	0
40539	318559	319165	0
429756	286124	287175	2
281017	490551	492068	0
48391	363189	363419	0
869327	520983	521198	0
839000	628337	629887	0
40539	477977	479954	0
181588	751390	751979	0
388514	545376	546016	1
310033	574040	578227	1
472959	66453	67471	3
472959	1010809	1012464	0
429756	772397	774028	0
99099	21060	24233	2
683859	860554	861378	0
145344	700284	700300	0
869327	744342	744681	0
40539	239166	239497	0
839000	603806	607571	0
145344	170649	171644	0
546905	321989	322260	2
171644	1036086	1039150	0
171644	571118	571195	2
581096	735622	737744	0
309308	973005	976853	1
683859	168695	170646	0
145344	242499	243146	0
171644	633608	634784	2
281017	76428	76909	1
32521	17473	24233	4
581096	405776	405815	1
310033	743753	744095	1
181588	338666	339686	0
171644	314056	315068	0
683859	264698	265451	0
40539	761433	762060	2
869327	98240	99099	0
429756	110261	110457	0
40539	683663	683826	3
472959	806260	806794	0
839000	34208	34514	0
839000	941437	942126	0
472959	563463	571195	1
715133	345695	346588	0
99099	741830	741908	0
145344	826289	827146	0
839000	925185	926567	0
869327	1035587	1039150	1
933667	737129	737744	0
683859	1023788	1024057	0
869327	80074	81421	2
388514	245318	245695	0
388514	923045	923615	0
32521	931726	932103	0
581096	526468	526807	1
32521	111114	111713	0
32521	849966	851350	0
32521	34548	35893	1
388514	729554	730571	0
99099	768018	768040	0
99099	101158	101892	0
281017	792645	795326	4
472959	453537	455336	1
472959	463478	464043	1
429756	79124	81421	0
309308	279489	279679	0
40539	542127	542285	0
933667	748753	750208	1
40539	735388	737744	2
581096	214447	215323	1
429756	741092	741908	0
99099	486258	487557	2
429756	544796	545298	1
40539	118029	118039	0
546905	714541	715133	2
839000	832461	832532	0
32521	719004	719330	0
281017	905620	905962	0
310033	682637	683826	1
388514	816952	818271	0
145344	317891	319165	0
581096	790032	790293	0
48391	34326	34514	3
581096	1021380	1023379	1
869327	630732	630770	0
99099	86689	87060	0
839000	377318	377357	0
839000	970384	970485	0
281017	573478	578227	3
145344	371826	372033	0
683859	609614	609989	0
683859	259979	260029	0
388514	846317	851350	1
472959	382872	383205	1
310033	185721	186016	2
40539	515839	519666	2
869327	132974	133308	1
388514	20814	24233	3
388514	1034508	1039150	1
171644	296645	297772	1
99099	457728	458000	2
581096	809347	810428	1
99099	958805	959083	0
869327	343444	345676	1
99099	813228	815460	0
581096	437673	437880	1
32521	89616	90370	1
171644	118363	118661	0
171644	1036506	1039150	0
171644	379687	379940	0
281017	867196	868630	0
472959	786269	786315	0
40539	12251	13330	1
48391	960154	960974	2
839000	92838	93002	0
310033	663808	664483	1
32521	794775	795326	1
429756	1033839	1039150	1
472959	997241	1000187	0
171644	243309	244119	0
32521	691589	693176	0
869327	365434	365538	0
546905	790557	791269	2
32521	339235	339686	0
869327	553781	553941	3
281017	696473	696859	3
388514	639974	640199	0
472959	824532	825407	0
40539	657929	658390	3
472959	744960	744961	0
933667	295717	296126	0
581096	306969	307895	0
581096	38744	39534	1
145344	382984	383205	0
99099	269220	269522	0
933667	56836	57763	0
48391	780775	782147	0
145344	800721	802003	0
683859	674031	676143	1
32521	719307	719330	0
99099	18724	24233	2
546905	877857	877936	0
181588	406632	407397	0
145344	1008769	1009650	0
281017	876080	876946	0
869327	920056	920607	0
32521	949825	949877	1
99099	924271	924455	0
32521	854907	856857	0
388514	197153	197477	0
472959	359244	359864	1
309308	724484	727116	1
99099	243332	244119	0
145344	256266	256585	0
715133	129209	131196	0
171644	708972	711452	0
581096	925691	926567	2
281017	124668	125214	1
40539	989120	989899	1
99099	539834	542285	1
839000	185696	186016	0
310033	489194	492068	0
869327	829726	830743	0
581096	620588	622093	1
869327	230399	230416	3
171644	766915	767879	1
683859	773401	774028	2
388514	692744	693176	0
683859	928160	928731	0
281017	270357	271850	2
683859	704266	706307	0
281017	916099	917216	3
683859	53854	54609	2
