fromId	keyId	targetId	timeout
646610	357623	359864	1
81597	481063	481797	0
441779	565597	571195	1
285643	343784	345676	0
81597	498452	499381	0
176813	417788	418391	0
176813	39645	40539	0
394309	121056	123198	1
880570	253706	254307	0
306790	460780	461652	0
441779	708042	711452	0
957165	381279	383205	0
441779	112050	112529	0
957165	98872	99099	0
880570	791575	791933	0
81597	95753	95908	0
371634	703205	703408	0
532626	50638	50882	0
176813	247174	248234	0
403250	774660	776080	0
261410	1002625	1002967	2
371634	195751	195934	0
880570	550903	551130	0
175354	773918	774028	0
880570	224139	225618	1
285643	559726	559848	0
176813	994003	995491	1
646610	558504	559477	2
175354	697926	700300	1
523935	569582	571195	1
176813	993853	995491	1
352613	819889	820284	2
532626	1016209	1016214	1
394309	60307	60418	2
403250	474000	474019	0
403250	808863	810428	0
306790	993452	995491	1
880570	129363	131196	0
81597	414320	414580	0
81597	434747	435554	0
885022	529115	531327	2
403250	335168	337304	0
880570	77876	81421	1
523935	749924	750208	1
81597	204617	205624	0
646610	654299	654597	0
81597	857398	860219	3
175354	950551	950839	1
371634	187910	191401	0
532626	776543	778081	0
646610	67027	67471	0
81597	469087	470575	0
81597	544101	545298	1
885022	852673	852858	1
176813	375447	375967	0
885022	233248	237647	0
441779	68063	68873	0
403250	749039	750208	1
81597	1023721	1024057	0
885022	819070	820284	1
532626	384955	385773	0
306790	589438	589565	3
441779	388399	388514	0
532626	633052	633398	0
81597	170008	170646	0
646610	958741	958776	0
140443	988781	989899	1
646610	574240	578227	3
532626	974715	976853	3
175354	983997	984060	0
176813	1033286	1039150	1
957165	861419	861931	0
81597	1031319	1032148	0
81597	835512	836655	3
880570	555832	556214	0
306790	376154	376315	0
261410	132720	133308	0
261410	101949	102123	0
880570	981979	984060	1
880570	445178	445869	0
646610	735119	737744	0
957165	123450	125214	0
880570	1025336	1025369	0
885022	37021	38145	0
403250	192698	193465	0
371634	387519	388514	0
175354	903010	905208	2
880570	688254	689477	0
176813	203933	204141	0
957165	996392	1000187	0
523935	825081	825407	0
880570	816418	816935	0
176813	992651	992878	0
352613	370046	370171	0
371634	236894	237647	1
306790	862726	862978	0
403250	597272	598015	1
885022	556361	557683	3
371634	932283	933667	0
394309	185684	186016	0
532626	441478	441627	0
885022	239551	241047	0
403250	353471	353698	0
285643	191378	191401	0
532626	781118	782147	0
957165	327620	327710	0
176813	119456	119730	0
885022	168294	170646	2
646610	233792	237647	3
957165	616204	617117	2
352613	60496	61121	0
885022	89987	90370	1
394309	150400	152478	0
261410	204340	205624	0
523935	533018	533395	0
261410	850263	851350	0
403250	551078	551130	0
403250	42739	43174	0
957165	184627	185445	0
880570	1033517	1039150	1
306790	820910	821616	1
403250	551287	553941	0
175354	66662	67471	0
523935	133512	133668	0
306790	956093	957165	1
646610	282448	283843	1
261410	494088	495042	0
140443	16210	16911	0
371634	151761	152478	0
352613	64697	67471	0
175354	122116	123198	0
175354	79312	81421	0
646610	1046078	1048453	0
352613	953442	954834	0
371634	649674	650149	0
523935	758204	761194	0
285643	132765	133308	1
175354	21718	24233	1
285643	273374	274989	1
394309	781899	782147	0
394309	217522	217610	0
523935	572177	578227	1
371634	737916	739081	1
285643	641237	641274	2
532626	884907	885022	1
352613	756771	757484	4
394309	637988	638842	0
306790	996733	1000187	2
885022	284916	285454	0
441779	195306	195934	0
175354	623122	624773	2
394309	161813	162563	0
885022	136972	138649	1
81597	222744	222975	0
523935	431753	432312	0
176813	72815	73035	0
885022	629407	629887	1
81597	973763	976853	1
285643	758450	761194	2
352613	186946	191401	1
175354	348504	348855	0
880570	977851	979430	0
81597	501470	502601	0
532626	17797	24233	2
81597	121343	123198	0
885022	617206	617867	2
394309	596538	596578	0
957165	63869	64312	0
81597	259374	260029	0
175354	504333	505515	0
441779	500491	502601	0
285643	451021	451797	0
285643	29853	31961	1
371634	706755	707032	0
175354	472788	472812	0
285643	440447	441627	0
885022	997239	1000187	0
176813	399623	399686	0
532626	846620	851350	2
532626	189673	191401	0
885022	569059	571195	3
176813	230729	231449	2
175354	5986	6426	0
885022	41819	43174	0
176813	1022444	1023379	0
261410	756870	757484	2
306790	94311	94902	0
403250	2425	3790	3
306790	699425	700300	2
885022	97794	99099	0
261410	960183	960974	3
285643	572296	578227	2
176813	973768	976853	1
285643	71314	73035	0
394309	919362	919539	2
306790	1010096	1012464	0
176813	52128	53455	0
