fromId	keyId	targetId	timeout
589154	380999	381101	23
225378	602173	607571	3
589154	791730	791933	20
54609	878218	892206	25
818396	86752	90093	7
636019	943694	944455	1
458000	372939	374625	20
294083	979870	983382	3
225378	880705	892206	19
409236	233171	237647	3
559848	305680	306706	1
818396	21673	23146	2
294083	754479	762251	18
818396	528767	528802	23
583792	741200	742311	2
818396	402526	403237	17
274989	918510	919539	3
92829	750804	751979	2
225378	1025178	1026318	1
294083	717054	719558	6
636019	544262	553941	30
54609	539992	553941	24
92829	844194	851350	5
589154	715426	715899	3
589154	136111	136687	3
225378	177733	182521	11
458000	524237	528802	5
294083	330587	332157	4
54609	673363	673538	6
818396	727632	727646	24
54609	1001418	1002967	5
589154	964072	966144	23
409236	494676	495042	1
1032148	598782	607571	0
458000	762007	762251	18
583792	869050	872105	7
92829	909240	910106	10
589154	938434	944455	3
818396	1044269	1044272	4
406610	403936	404091	7
409236	944972	946150	0
589154	335859	338304	11
636019	349183	349547	20
406610	968910	969501	0
559848	36105	38145	0
406610	218194	221165	14
818396	125581	131196	11
589154	297827	299782	6
589154	19707	23146	1
409236	206126	207609	7
589154	572314	578227	23
406610	699862	700300	10
225378	213952	216883	9
409236	548981	553941	16
409236	548575	553941	16
225378	379422	379940	1
458000	81922	83034	1
818396	470498	470575	19
92829	1040172	1040759	3
225378	654051	654959	5
458000	156164	157920	2
406610	375218	375301	6
409236	340165	341078	10
559848	826118	828435	2
92829	410682	410762	3
818396	435526	437421	18
54609	355355	359864	17
274989	541400	553941	33
559848	757470	762251	8
406610	561327	561988	8
92829	371796	372033	1
294083	473473	474019	5
54609	509086	510670	1
54609	942900	944455	6
294083	663034	665442	6
458000	529426	531849	1
636019	1992	3041	0
1032148	517657	519666	0
1032148	73946	76091	2
559848	315201	315367	0
818396	848034	851350	3
636019	136246	136687	2
559848	20038	23146	10
54609	141407	142276	1
583792	61484	63849	8
583792	65926	67678	8
636019	270534	271850	9
92829	475699	476082	6
54609	747787	749409	12
636019	884987	892206	12
274989	872944	873236	4
583792	167201	168361	14
225378	790125	790320	2
409236	764226	765652	3
225378	982170	983382	4
559848	113157	114607	1
406610	536005	538177	6
294083	433497	437421	5
458000	461833	465452	1
559848	79541	81597	1
583792	540220	553941	33
458000	900757	905208	9
406610	916201	917216	13
225378	615170	615247	6
406610	150984	152478	7
409236	983552	984060	0
274989	725376	727646	9
559848	1009305	1009650	10
294083	240776	242213	7
406610	822174	823465	29
54609	448009	448841	0
406610	779161	780277	21
583792	433310	437421	18
583792	350305	353698	22
589154	124896	125371	5
294083	195346	197817	8
636019	803193	804403	0
818396	3054	3790	2
409236	213477	213739	7
559848	191216	193821	6
406610	1019109	1020859	4
225378	992294	992377	3
559848	265005	266680	5
54609	1040828	1042530	4
225378	398194	401960	4
1032148	110882	111713	8
92829	225194	225378	5
294083	628712	630770	4
409236	788746	790320	9
583792	166513	168361	14
589154	319731	319775	7
274989	829208	832532	1
225378	102034	102123	8
818396	551906	553941	30
458000	100675	101892	15
54609	476961	477345	0
1032148	97867	99099	22
225378	542922	553941	29
92829	106582	106939	1
1032148	35178	35893	0
92829	706871	707032	8
225378	951363	954834	16
274989	939870	944455	3
92829	676601	676976	4
1032148	230607	231248	4
409236	512063	512353	1
589154	1025617	1026318	0
274989	672844	673538	8
406610	101710	101892	24
54609	594473	598015	2
1032148	850755	851350	0
92829	407390	408160	4
1032148	567394	570375	2
294083	342250	345676	11
294083	60875	61121	3
92829	326070	332157	10
54609	75189	76091	0
54609	221304	221871	10
818396	536468	538177	25
54609	329366	332157	2
406610	698111	700300	10
409236	204850	207609	8
1032148	754967	762251	3
406610	412803	413052	0
225378	505129	505997	4
589154	802898	804403	23
1032148	1003041	1005439	4
559848	597042	598015	1
636019	1004231	1005439	2
458000	671342	671525	7
406610	208560	210869	13
583792	685528	691286	8
458000	381041	381101	20
409236	930362	931681	0
583792	788516	790320	3
409236	546689	553941	22
225378	289972	290401	0
559848	392276	401960	5
274989	620679	624773	12
589154	965100	966144	23
225378	314649	315367	1
225378	260356	260422	0
559848	165071	168361	3
294083	395717	401960	6
583792	985841	985974	1
225378	892110	892206	8
583792	143210	149423	13
406610	144345	149423	8
225378	338568	341078	7
559848	815691	816250	13
583792	312744	313252	17
92829	518145	519666	2
636019	562617	563209	6
583792	344069	345676	28
406610	795346	796204	27
225378	84663	90093	9
406610	564884	570375	8
