fromId	keyId	targetId	timeout
893659	526624	526807	3
230416	180742	181588	2
207609	478161	479954	0
743096	835900	838284	4
1042618	177859	180469	2
1042618	484265	492068	2
397329	69944	70085	2
397329	893059	893659	7
329404	242401	243146	3
230416	847543	851350	0
476042	356673	359864	0
329404	227706	228625	6
844119	113830	114607	1
844119	949332	949659	1
966144	639866	640199	1
448841	223073	225378	8
893659	3765	3908	2
966144	148665	149423	0
719330	776392	776398	0
1042618	1023997	1024057	2
743096	560444	561988	0
329404	339734	340970	0
966144	167783	168114	0
230416	157728	157920	11
743096	986356	989899	4
1042618	544836	545171	0
476042	728639	728810	1
294455	219973	221072	1
294455	36778	40539	2
893659	64439	64478	2
966144	372781	374625	4
409102	1014595	1018364	5
153643	65876	68873	3
448841	15217	15228	2
664483	463878	464043	3
966144	302436	304639	2
743096	574849	578227	1
230416	424453	424541	5
409102	795081	796204	2
153643	127276	128401	3
153643	180723	181588	0
230416	919692	920026	6
207609	1040605	1042530	2
207609	1047883	1048453	1
397329	1012947	1018364	7
743096	811523	815460	3
294455	53673	58031	3
409102	992347	994191	9
476042	761400	762251	2
409102	934304	934390	2
844119	1019834	1020133	1
893659	324101	326335	2
207609	860578	861931	4
719330	750320	751979	0
844119	590398	590546	0
448841	547649	549972	2
1042618	427383	429707	0
476042	736417	737744	1
409102	43384	45960	7
207609	118938	119730	1
664483	633145	633398	5
409102	914403	915149	2
743096	405238	405815	0
409102	959336	960789	2
153643	884870	885022	4
230416	510890	512353	0
397329	1012005	1012464	0
230416	4165	4563	2
207609	496881	497083	1
294455	1041969	1042530	0
207609	484293	492068	2
294455	636962	638842	7
893659	300781	300832	0
448841	480944	481797	1
1042618	131038	132507	3
329404	989646	989899	3
294455	745740	749409	3
153643	555186	555642	1
230416	487186	492068	2
230416	574183	578227	0
1042618	9272	9550	0
397329	661779	662550	5
966144	917178	917216	0
893659	841202	844119	4
1042618	52872	58031	5
844119	524622	525184	1
893659	348930	349547	1
743096	238708	238942	0
719330	755229	762251	3
329404	521284	523537	1
153643	523255	523537	2
966144	644568	646173	0
1042618	437980	439346	1
294455	890101	892206	4
207609	658894	658980	4
409102	999317	1000187	5
230416	435673	437421	1
743096	163854	164730	3
1042618	789702	790293	0
844119	351480	352613	2
476042	370541	371634	1
153643	228205	228625	0
743096	862696	862978	1
743096	1004439	1009650	4
207609	509053	510670	0
409102	22343	23146	7
476042	421100	421167	0
743096	855809	856857	1
153643	592187	596578	0
448841	585810	586117	0
476042	844434	851350	1
409102	745704	749409	1
294455	856338	856857	0
397329	374287	374625	1
844119	932452	934390	6
409102	481450	481797	0
664483	1001388	1001727	2
743096	703986	706307	1
329404	186210	186474	3
476042	932560	934390	1
476042	16493	23146	3
397329	575198	578227	7
664483	51550	58031	7
153643	719741	720042	5
966144	564275	571195	1
230416	371990	372033	4
719330	6137	6426	2
844119	44614	45960	0
664483	543706	545171	2
1042618	165427	166042	0
153643	314285	315068	1
329404	392754	394309	3
153643	392999	394309	1
448841	541429	542285	5
207609	811951	815460	3
893659	733104	737744	1
409102	132192	132507	5
664483	628061	630942	7
844119	857773	859840	0
207609	425847	429707	1
664483	181816	182109	5
1042618	1358	3041	0
448841	625902	627076	0
743096	551090	551130	0
476042	259430	260029	0
329404	288791	288828	3
230416	631835	633398	1
207609	688180	689477	1
294455	289003	290401	1
294455	247910	248234	0
397329	681188	682121	1
743096	976660	976853	3
664483	948975	949659	6
230416	548581	549972	0
966144	502806	503721	1
664483	736330	737744	4
664483	507979	510670	4
409102	1027361	1028002	2
294455	704384	706307	7
966144	329098	329327	3
476042	957015	957165	0
893659	417730	418391	3
966144	890524	892206	0
664483	199134	199265	7
966144	379334	381101	5
397329	131130	132507	3
719330	514169	516056	1
664483	505584	505596	4
294455	790694	791269	3
743096	240348	241047	0
397329	797138	799194	1
207609	1047664	1048453	1
207609	682155	682176	1
844119	671766	672032	0
329404	90422	90485	10
476042	336505	338304	2
294455	123875	125214	8
893659	936362	936425	6
664483	673158	673373	0
329404	920077	920607	2
893659	218207	218544	0
207609	999382	1000187	1
893659	462806	464043	1
719330	399824	402288	1
207609	635339	636019	4
230416	224330	225378	3
207609	217869	218544	0
153643	858623	859840	4
230416	492227	492527	1
719330	141566	142046	12
409102	546296	546905	0
893659	704327	706307	1
1042618	949093	949659	2
153643	871137	872105	4
409102	115183	116703	6
844119	870406	872105	1
893659	84349	85128	2
