fromId	keyId	targetId	timeout
437924	925213	927250	5
133308	145947	149423	0
545659	395322	397329	6
15228	435555	437421	1
133308	203917	207609	3
431308	250084	252008	0
437924	94851	95908	4
868630	666374	667260	5
424541	797252	799194	2
545659	264387	264473	4
868630	879075	880778	1
431308	84052	85128	0
707032	4231	4563	2
545659	951309	952167	1
354873	776826	778081	2
868630	339912	340970	1
15228	723256	723648	0
431308	909424	910106	4
437924	578983	581096	2
437924	1031292	1032148	3
83976	111821	112529	1
354873	174161	175354	3
15228	290429	290523	0
354873	642853	643586	0
431308	65459	68873	3
354873	967450	970485	7
868630	1015812	1018364	2
545659	703922	706307	1
707032	1018294	1018364	3
83976	53393	58031	13
545659	59267	60418	2
545659	918070	920026	5
354873	751799	751979	0
354873	190493	193821	10
83976	694147	695538	4
868630	248823	249946	0
15228	861867	861931	0
431308	1030669	1032148	0
133308	76599	76909	0
424541	233034	237647	1
545659	16077	23146	4
868630	44082	45960	3
868630	949831	949877	0
354873	848149	851350	2
424541	8136	9550	1
133308	178598	180469	1
133308	270803	271014	0
437924	185846	186016	6
15228	935807	935927	0
545659	314644	315068	5
545659	556797	557799	1
354873	787709	788853	0
133308	986524	989899	2
707032	959589	960789	0
83976	1008831	1009650	4
868630	209518	210869	15
83976	1028617	1029343	4
431308	436754	437421	0
707032	313090	314036	6
133308	477818	479954	0
354873	630709	630942	1
707032	896192	896278	0
133308	189351	193821	4
15228	263250	264473	1
437924	265095	265451	3
424541	172052	172078	1
424541	363146	365538	5
354873	533848	534025	2
133308	919778	920026	1
868630	830674	830743	7
15228	182331	182412	0
133308	86680	87060	0
354873	842325	844119	2
354873	541046	542285	2
868630	846481	851350	7
868630	648725	650149	4
437924	349692	352613	6
437924	543392	545171	0
545659	126776	128401	3
437924	992719	994191	6
83976	193685	193821	2
868630	929625	931681	0
545659	909191	909414	4
431308	376720	376922	1
437924	248789	249946	3
707032	491975	492068	2
437924	538753	542285	1
431308	580508	581096	0
868630	57005	58031	4
15228	36765	40539	2
707032	848597	851350	0
83976	142304	142598	0
707032	195375	195934	8
868630	348750	349547	3
424541	18582	23146	2
133308	626159	627076	1
15228	723457	723648	0
868630	156861	157920	0
15228	202515	202941	0
83976	280739	281657	1
15228	510884	512353	0
83976	377802	378843	2
133308	374487	374625	0
83976	850517	851350	4
707032	733274	737744	0
15228	874740	875647	1
354873	635233	636019	0
431308	1043101	1044272	1
83976	215654	216445	0
354873	483304	483867	0
15228	522412	523537	0
15228	364121	365538	3
424541	384933	385773	4
15228	801573	802003	0
437924	770285	771016	4
354873	899984	905208	3
545659	194446	195934	4
83976	1029687	1029789	4
868630	346838	349547	3
424541	51604	58031	5
437924	399003	399686	5
354873	135469	135601	5
707032	520660	521198	2
437924	260555	261410	4
83976	774468	776080	4
868630	621464	622093	4
15228	223664	225378	0
133308	738365	738897	0
868630	605358	607909	3
545659	990871	991464	1
545659	978883	984060	3
83976	543239	545171	1
437924	628706	630942	7
431308	1041832	1042530	0
545659	706586	707032	1
424541	497703	498420	0
707032	841693	844119	0
15228	354558	354873	2
424541	216328	216445	2
545659	781511	782147	0
15228	119983	120046	0
424541	869076	869327	0
431308	100742	102123	2
868630	480420	481797	2
431308	870525	872105	4
545659	744265	744961	1
83976	989541	989899	4
707032	267135	267886	4
707032	847966	851350	0
424541	197084	197477	1
83976	255682	256243	0
83976	306657	306790	3
133308	148266	149423	0
707032	527703	527965	2
431308	698808	700385	4
83976	89010	90093	1
354873	651156	652401	0
354873	14952	15228	2
431308	1025993	1026318	0
133308	544198	545171	5
133308	488978	492068	0
133308	630955	633398	2
868630	504524	505596	3
431308	5945	6426	1
707032	668986	669267	2
83976	252948	254520	1
545659	400810	402288	7
133308	511392	512353	0
133308	963212	966144	1
424541	199761	201347	3
868630	177785	180469	2
707032	423102	424541	7
707032	217873	218544	9
133308	313992	314036	3
354873	861272	861931	1
83976	324788	326335	1
431308	127109	128401	0
437924	643139	643586	1
424541	786467	786989	2
437924	271714	271850	3
545659	392105	394309	9
868630	426975	429707	2
707032	955348	957165	0
83976	504664	505596	1
868630	956023	957165	0
354873	1009188	1009650	7
707032	566006	571195	3
15228	164343	164730	0
707032	552837	553941	2
83976	897199	897487	1
437924	869293	869327	5
707032	25358	27129	3
437924	915798	917216	3
133308	619693	622093	1
15228	629594	630942	3
545659	478737	479954	7
83976	449668	450080	0
