fromId	keyId	targetId	timeout
256585	283313	283843	0
790320	147487	149423	0
256585	187143	191401	0
780277	1012418	1012464	0
551130	182326	182412	0
780277	8899	9550	0
949659	104388	104652	0
949659	633064	633398	0
375301	301335	304639	0
114878	310407	312091	0
862978	297444	297772	0
114878	524812	525184	0
791269	392324	394309	0
510670	562803	563176	1
780277	962493	964417	1
268044	1044307	1044951	2
791269	52968	53455	0
193465	381006	381101	0
949659	33260	34514	0
256585	354086	356213	1
791269	809100	810428	0
780277	487608	492068	0
551130	840545	840560	0
268044	433453	435554	0
377357	589636	590546	0
862978	1016897	1018364	2
780277	321135	322260	0
377357	610930	611271	0
60418	918457	919539	1
10639	28260	31961	1
510670	776841	778081	0
10639	212058	212676	0
114878	817851	818271	1
862978	838455	839000	3
239497	640979	641274	0
10639	1015476	1015557	0
375301	499002	499381	0
375301	519272	519666	0
949659	548037	548225	0
510670	465423	465452	1
268044	402652	403237	0
193465	311777	312091	0
377357	432108	432312	0
551130	277179	277634	3
551130	572375	578227	2
60418	682632	683826	0
375301	137252	138649	1
551130	610251	610387	0
268044	960248	960974	3
114878	207699	208458	0
949659	34093	34514	0
790320	477844	479954	0
780277	322956	322963	0
256585	1020396	1020859	0
239497	620775	622093	1
60418	425904	426107	0
949659	493844	495042	0
10639	754676	754708	1
377357	747812	750208	1
551130	405315	405815	0
791269	403405	404091	0
10639	71374	73035	0
510670	655016	655085	0
862978	706839	707032	0
10639	88774	89563	0
949659	608433	608892	0
193465	112897	113664	1
60418	1023160	1023379	1
60418	11054	13330	1
114878	466090	466721	0
375301	1023980	1024057	1
510670	932918	933667	0
790320	607985	608892	0
239497	260731	261410	0
693182	256768	257489	0
239497	309974	310033	0
375301	543181	545298	1
239497	241468	242213	0
375301	1030605	1032148	1
60418	286624	287175	2
10639	604644	607571	1
785971	54238	54609	0
377357	499883	502601	0
377357	601857	607571	0
375301	843883	851350	2
510670	660754	662550	0
239497	273417	274989	0
693182	121916	123198	0
114878	804831	806794	1
791269	731861	732039	0
375301	73399	73808	0
60418	573392	578227	0
10639	1003606	1003913	0
780277	235087	237647	3
10639	1023961	1024057	0
114878	111177	111713	1
375301	738226	739081	1
10639	261407	261410	0
114878	252349	254307	0
949659	263474	264035	0
785971	394799	397329	0
791269	453204	455336	0
791269	1010618	1012464	0
193465	1012705	1013078	4
862978	87289	89563	0
10639	647273	647567	0
791269	1042088	1042530	0
785971	619656	622093	0
790320	423174	424541	0
375301	211492	211654	0
785971	668252	669267	0
268044	1035323	1039150	3
780277	354327	356213	1
791269	765106	765652	0
239497	728860	728973	0
193465	624201	624773	0
377357	176029	176813	0
114878	323571	323986	0
551130	37714	38145	0
791269	746089	750208	3
949659	243535	244119	0
268044	373491	374625	0
790320	845877	851350	1
791269	746812	750208	3
693182	19783	24233	2
375301	2632	3790	1
785971	763433	765652	0
510670	466355	466721	1
780277	96786	96936	0
10639	526713	526807	0
10639	228660	229784	1
239497	595147	596578	1
268044	672209	673373	0
790320	353690	353698	0
114878	933925	934390	0
377357	233470	237647	0
375301	55713	57763	0
377357	541354	542285	0
256585	105785	106778	0
114878	219355	221072	2
375301	613023	615247	2
862978	260009	260029	1
10639	12734	13330	0
193465	952326	953197	2
785971	554713	555320	0
551130	710475	711452	0
60418	323852	323986	0
114878	517075	519666	1
862978	706949	707032	0
377357	239039	239497	0
791269	493436	495042	0
785971	236446	237647	0
791269	756963	757484	1
862978	390141	391364	0
551130	651348	652401	0
60418	825970	827146	0
60418	202943	204141	0
510670	366712	366918	1
239497	64343	64478	0
377357	879356	880570	0
193465	903758	905208	0
510670	196041	197477	1
790320	380793	381101	0
268044	517898	519666	0
60418	995301	995491	1
551130	115622	117075	1
785971	390868	391364	1
239497	701241	702175	0
60418	164931	166042	0
862978	529680	531327	0
10639	558882	559477	0
377357	34670	35893	1
239497	854344	856857	0
268044	77900	81421	1
268044	572791	578227	2
790320	742306	742311	0
114878	1038902	1039150	1
377357	281350	281657	0
780277	404137	404809	0
60418	741034	741908	0
949659	607717	607909	0
791269	772577	774028	0
780277	875053	875647	1
10639	780506	782147	0
510670	230630	231449	6
10639	611193	611271	0
693182	185411	185445	0
256585	483171	483867	0
193465	316236	316427	0
790320	207601	207609	2
193465	924704	924989	0
256585	756190	757484	1
60418	664184	664483	0
780277	584423	584836	1
239497	219302	221072	1
193465	695273	695538	0
268044	599688	607571	0
