fromId	keyId	targetId	timeout
924989	1042566	1042618	8
835390	971672	973996	0
985974	267511	267886	3
658390	73693	76091	1
658390	369142	372033	21
367995	253337	255421	8
658390	551909	553941	19
835390	282771	285454	10
924989	469117	470575	1
117730	129718	131196	0
473237	170919	173024	12
473237	155948	157920	8
835390	715404	715899	1
249946	93102	94902	24
308324	941993	944455	6
658390	539192	553941	34
441627	659836	662550	7
117730	502834	503721	2
367995	80104	81597	9
249946	516690	519666	1
367995	813313	815460	2
473237	258904	258968	9
924989	381297	383205	5
473237	589143	589154	6
367995	561236	561988	9
367995	18903	23146	9
473237	28278	31961	10
308324	369348	372033	4
473237	337576	338304	15
835390	682472	691286	15
367995	476679	477345	1
658390	694312	695538	1
835390	526597	528802	5
117730	405647	406102	5
441627	758210	762251	3
367995	377910	379105	2
924989	45243	48391	1
249946	664283	665442	3
117730	102418	106939	7
985974	961966	966144	30
473237	487935	492068	0
367995	175973	176813	4
835390	856371	856857	0
441627	877823	877936	11
924989	253925	255421	7
924989	909063	910106	10
835390	724251	724387	1
117730	321924	322260	0
441627	75663	76091	2
924989	359221	359864	1
658390	92462	92829	2
658390	281043	281657	1
985974	279972	281657	6
308324	147651	149423	4
658390	936673	937245	0
367995	834588	835390	5
473237	728021	730571	6
367995	303456	306706	8
117730	598311	607571	1
249946	268078	268770	0
658390	868343	872105	4
924989	896046	896184	10
473237	399496	401960	9
441627	65863	67678	1
835390	553317	553941	4
308324	840888	851350	12
835390	368217	368460	1
117730	1016123	1016214	2
924989	754469	762251	20
308324	778891	780277	24
835390	251590	255421	14
367995	267642	267886	6
441627	611457	614437	3
835390	965285	966144	1
658390	780111	780277	6
367995	175334	175354	4
473237	18590	23146	10
367995	882634	892206	23
985974	788935	790320	8
835390	73853	76091	2
924989	100466	101892	0
658390	193739	193821	1
985974	662350	662550	13
658390	384576	385773	17
658390	1043189	1043581	1
473237	438612	441627	10
924989	535474	538177	1
985974	318267	319165	7
308324	1005902	1009650	5
308324	945077	946150	3
658390	917979	919539	3
117730	877649	877936	10
924989	39899	40539	4
441627	782944	785342	2
835390	530734	531849	2
441627	427449	431308	4
658390	834608	835390	14
924989	880480	892206	24
117730	104374	106939	7
308324	967161	969501	3
308324	283971	285454	11
367995	367359	367995	0
367995	940322	944455	13
308324	827380	828435	10
473237	120845	123198	8
117730	942633	944455	13
473237	584987	589154	10
308324	361839	365538	1
924989	1032133	1032148	5
658390	167155	168361	2
117730	620246	624773	5
249946	299947	299986	1
308324	945976	946150	3
308324	692085	694184	11
924989	529914	531849	2
835390	661601	662550	8
249946	919732	920026	2
441627	113390	114607	9
985974	39092	39534	0
473237	180006	182521	13
249946	697070	700300	0
249946	558513	559477	10
117730	972787	973996	14
117730	165595	168361	3
985974	814622	815460	13
441627	293504	293817	12
473237	73753	76091	10
441627	1011175	1012464	2
249946	949536	950468	20
985974	1017423	1020859	3
308324	484814	492068	5
249946	872617	873236	4
835390	593723	598015	2
441627	621959	624773	5
441627	33738	34514	0
835390	1024479	1026318	1
308324	251915	255421	15
924989	576248	578227	0
117730	460002	465452	2
367995	391848	401960	5
308324	953410	954834	13
308324	607291	607571	5
308324	651220	652401	9
117730	105851	106939	6
835390	719017	719558	2
835390	813857	815460	5
658390	188759	193821	4
658390	132376	132507	5
924989	867774	872105	9
473237	31329	31961	9
985974	973030	973996	4
308324	996049	1002967	7
308324	366695	367336	1
441627	33286	34514	0
441627	229363	230416	10
658390	984787	985974	0
473237	614921	615247	0
835390	831633	832532	5
249946	801739	802003	2
367995	123269	125371	10
308324	992222	992377	3
367995	181297	182521	7
658390	1005122	1005439	4
308324	5813	7207	4
473237	815446	815460	26
117730	77460	81597	6
835390	859427	860321	2
658390	769769	771016	8
308324	884236	892206	23
117730	895609	896184	15
924989	799150	799194	1
658390	1035861	1040759	2
473237	796750	798431	25
308324	26185	27453	4
249946	548058	553941	7
441627	245583	245695	10
308324	625840	627409	8
249946	271111	271850	0
249946	861998	865765	6
924989	784088	785342	19
249946	990570	991799	5
924989	391282	391364	6
117730	164837	168361	3
658390	537834	538177	14
367995	27585	28048	8
924989	124541	125371	1
835390	719559	720042	1
835390	977065	979430	0
441627	81907	83034	3
658390	776036	778081	10
924989	581292	583792	0
117730	181270	182521	3
117730	735313	739081	3
441627	639752	640199	4
835390	882713	892206	17
658390	545374	553941	30
924989	376250	376922	5
