fromId	keyId	targetId	timeout
296126	609057	609989	4
503721	962465	966144	23
676976	748511	749409	1
615704	66396	67678	10
296126	307017	308324	1
946150	1004201	1005439	0
503721	271511	271850	1
630770	569799	570375	6
264473	403693	404091	11
615704	741336	742311	6
264473	270593	271850	1
630770	159753	162563	14
676976	367828	367995	13
896278	108363	110457	8
896278	94494	94902	8
633398	155785	157920	4
571279	225396	225712	7
264473	289388	290401	2
296126	252075	255421	9
512353	238952	242213	18
633398	653351	654959	2
264473	857922	860321	6
896278	529729	531849	2
571279	392165	401960	7
676976	754503	762251	5
264473	777898	778081	14
571279	642616	643586	2
264473	110897	111713	9
946150	922692	924989	4
571279	950228	950468	10
946150	958588	958776	0
676976	627139	627409	5
630770	998542	1002967	15
296126	319272	319775	1
946150	315454	316427	13
896278	457171	457342	0
615704	530806	531849	7
946150	397723	401960	14
946150	930490	931681	2
296126	69959	70085	0
264473	10652	16911	11
571279	446668	448841	2
571279	122236	123198	0
503721	108605	110457	15
512353	508612	510670	8
633398	730478	730571	1
896278	61746	63849	10
633398	929949	931681	2
946150	689553	691286	9
946150	226778	227022	11
571279	504143	505997	5
503721	989709	991799	4
296126	354112	354873	1
633398	637334	640199	1
264473	915410	917216	7
633398	391025	391364	0
296126	968535	969501	5
615704	1044506	1045821	2
896278	107856	110457	8
676976	965398	966144	37
264473	879182	892206	23
264473	101761	101892	8
633398	153894	155559	3
633398	139691	140443	2
296126	943545	944455	5
633398	1026158	1026318	3
571279	616560	618091	2
503721	31289	31961	4
615704	114013	114607	0
615704	943729	944455	17
615704	389381	391364	5
676976	400187	401960	1
615704	262617	263199	0
676976	693686	694184	0
503721	58898	61121	4
264473	384821	385773	6
615704	260907	261950	1
630770	569482	570375	6
676976	273233	274989	6
676976	831206	832532	6
571279	126230	131196	2
676976	576112	578227	7
512353	575566	578227	1
633398	1016662	1016963	3
946150	215723	216883	9
296126	282996	285454	5
296126	401801	401960	3
946150	113567	114607	12
615704	206682	207609	5
503721	574250	578227	0
630770	552221	553941	13
264473	237019	237647	7
512353	72317	76091	16
264473	644507	646173	12
512353	896971	899487	18
633398	431095	431308	1
615704	730706	739081	10
512353	490412	492068	12
264473	453567	455336	8
503721	487157	492068	4
503721	761603	762251	6
630770	797563	798431	2
615704	484046	492068	15
503721	472233	472812	3
633398	484455	492068	4
676976	641453	641666	6
633398	33053	34514	7
264473	274677	274989	0
630770	233643	237647	3
633398	106869	106939	8
264473	697015	700300	10
896278	112909	114607	1
296126	739246	742311	4
571279	373408	374625	8
615704	499066	502601	3
503721	614461	615247	0
615704	1022680	1023379	0
676976	201397	204141	8
615704	491125	492068	15
633398	257617	258030	5
512353	910696	912394	18
503721	82845	83034	10
571279	928935	931681	1
503721	788370	790320	5
633398	739809	742311	4
512353	784587	785342	2
512353	296916	297772	14
946150	156238	157920	9
946150	415593	418391	15
615704	427932	431308	2
571279	479029	480277	3
296126	773190	774028	11
296126	906365	907033	3
630770	892026	892206	13
896278	393427	401960	6
946150	85371	90093	9
503721	328587	332157	8
946150	307127	308324	12
896278	74909	76091	15
946150	232603	237647	11
615704	10909	16911	6
630770	247040	248234	4
633398	922410	924989	4
571279	595627	598015	1
512353	136379	136687	11
615704	13498	16911	2
615704	174116	175354	0
633398	365828	367336	4
946150	487289	492068	14
296126	910506	912394	4
571279	47591	48391	0
676976	394617	401960	5
896278	532967	533395	1
571279	973166	973996	0
946150	591187	591324	1
571279	953229	954834	10
630770	126659	131196	11
571279	558531	559477	4
615704	479141	480277	4
630770	108017	110457	20
512353	716591	719558	1
571279	989405	991799	2
264473	965730	966144	4
896278	960599	966144	8
296126	815858	816250	16
630770	385770	385773	10
615704	306046	306706	1
571279	873940	874911	0
630770	736858	739081	2
571279	238940	238942	5
630770	341871	341916	5
503721	1025156	1026318	4
896278	356362	359864	4
630770	235457	237647	3
630770	258391	258798	4
615704	995671	995910	16
512353	724407	727646	1
296126	889972	892206	4
676976	649992	652401	8
264473	949549	950468	25
633398	270408	271850	1
264473	216047	216883	6
264473	850069	851350	5
676976	157875	157920	0
896278	884138	892206	11
676976	304940	306706	2
946150	31428	31961	8
296126	612225	614437	4
896278	451309	451797	0
296126	790798	791933	12
571279	543203	553941	29
946150	395584	401960	16
296126	22803	23146	9
512353	705670	707032	1
571279	164306	168361	8
946150	926042	926831	3
264473	836105	838284	6
