fromId	keyId	targetId	timeout
852003	244824	245695	3
691286	435449	437421	2
314036	387244	388598	2
522408	497985	498420	12
691286	422350	424541	9
851872	582029	583792	21
341078	651908	652401	2
915149	754460	762251	19
852003	792755	796204	15
695538	248073	248234	14
700300	853719	853903	0
341078	95804	99099	30
852003	1041774	1042530	0
691286	853913	856857	1
691286	493378	495042	2
522408	366103	367336	7
700300	106028	106939	14
522408	496682	498420	13
695538	59354	61121	11
648336	995222	995910	6
522408	586354	589154	2
58031	923122	924989	5
915149	752927	762251	20
851872	57378	58031	1
522408	954159	954834	11
341078	492739	495042	5
522408	395278	401960	14
700300	177627	182521	6
314036	148245	149423	1
58031	195171	197817	10
700300	926983	928731	3
691286	161008	162563	3
915149	821232	821616	3
341078	71339	76091	7
522408	411687	413052	14
341078	358347	359864	0
851872	490946	492068	16
851872	747233	749409	31
852003	84313	90093	5
341078	507222	507747	5
700300	829095	832532	1
915149	531823	531849	0
700300	930463	931681	0
314036	523018	523537	0
695538	220733	221165	15
522408	170408	170646	4
341078	19709	23146	4
58031	278099	281657	5
915149	18580	23146	2
700300	630620	630770	3
314036	630158	630770	4
915149	184033	185445	4
648336	645067	646173	6
851872	718165	719558	20
691286	277494	277634	4
341078	364987	365538	0
522408	731808	739081	5
522408	1037045	1040759	1
700300	500038	502601	3
314036	517449	519666	1
691286	396988	401960	11
851872	758274	762251	22
522408	392527	401960	12
691286	878334	892206	19
648336	348902	349547	16
915149	357015	359864	2
851872	559590	559848	33
58031	541716	553941	30
691286	59379	61121	1
314036	434812	437421	3
648336	341109	341916	20
852003	509575	510670	16
341078	20682	23146	4
691286	424529	424541	9
851872	441147	441627	13
915149	55607	58031	2
522408	469101	470575	10
915149	926819	926831	0
648336	110622	111713	3
700300	30465	31961	2
852003	780308	782147	20
691286	821768	822005	13
851872	29351	31961	1
522408	993428	995910	2
648336	524475	528802	8
851872	812592	815460	13
522408	844639	851350	4
915149	253461	255421	9
691286	953852	954834	18
852003	96538	99099	17
852003	762798	765652	20
852003	954424	954834	0
852003	298713	299782	5
522408	802419	804403	0
522408	611368	614437	2
852003	550931	553941	27
341078	751910	751979	14
700300	728003	730571	4
648336	265626	266680	11
695538	245229	245695	14
700300	277515	277634	9
915149	1047290	3041	8
700300	412633	413052	2
648336	327682	332157	21
852003	224702	225378	4
341078	129491	131196	8
852003	817247	818271	13
695538	995165	995910	5
314036	357788	359864	15
700300	176331	176813	2
695538	328671	332157	23
915149	64617	67678	5
522408	1023131	1023379	0
700300	947324	950468	15
522408	209668	210869	21
851872	307030	308324	8
314036	337622	338304	1
691286	433942	437421	2
695538	575183	578227	11
915149	602019	607571	0
341078	342447	345676	0
314036	619	3041	2
700300	503026	503721	3
314036	131207	132507	3
522408	344040	345676	11
852003	624339	624773	19
700300	503639	503721	3
648336	423416	424541	14
851872	775970	778081	22
691286	9246	9550	4
700300	591200	591324	9
852003	932364	933667	1
522408	820789	821616	0
522408	567302	570375	0
691286	593311	598015	5
700300	174423	175354	2
58031	682737	691286	10
700300	635573	636019	3
695538	403456	404091	17
915149	1010947	1012464	1
851872	510542	510670	16
851872	567180	570375	24
314036	425693	426107	0
852003	635228	636019	19
648336	832276	832532	0
700300	539377	553941	14
522408	515771	519666	12
58031	687813	691286	8
58031	305776	306706	3
700300	130735	131196	1
314036	608953	609989	3
314036	964643	966144	36
522408	990348	991799	1
522408	777921	778081	20
341078	233580	237647	14
648336	869693	872105	4
341078	546096	553941	18
341078	1008132	1009650	4
58031	890728	892206	8
851872	245700	248234	5
691286	39356	39534	0
691286	771937	772294	9
700300	335144	338304	11
314036	991949	992036	2
851872	658646	662550	24
695538	205581	207609	15
851872	461455	465452	15
522408	122571	123198	5
691286	655744	657225	8
700300	906731	907033	0
700300	550013	553941	5
915149	680713	680935	1
314036	105327	106939	5
915149	713887	715133	4
522408	636587	640199	2
700300	655363	657225	7
852003	896837	899487	8
852003	802863	804403	13
58031	949592	950468	16
691286	800472	802003	11
915149	168229	168361	4
341078	248048	248234	15
915149	395793	401960	4
695538	358870	359864	21
700300	901297	905208	0
695538	570037	570375	11
851872	35304	35893	2
314036	265146	266680	15
58031	550619	553941	13
58031	710136	711452	8
314036	439363	441627	3
691286	504305	505997	5
915149	473539	474019	0
691286	430352	431308	8
695538	316023	316427	18
314036	592167	598015	1
852003	36795	38145	0
