fromId	keyId	targetId	timeout
828258	863303	863975	5
952167	315939	316427	5
45960	764280	765652	1
828258	1043634	1044272	0
658980	250610	252008	1
476082	792974	794879	0
182412	1037491	1039150	3
267886	259302	260029	2
413052	264834	265451	0
267979	190106	193821	3
533778	71593	73808	2
45960	807196	807477	1
413052	142252	142276	4
952167	523625	523935	0
853058	884999	885022	2
853058	775383	776080	5
481797	269386	269522	0
658980	998017	1000187	0
476082	783236	783276	0
828258	592516	596578	3
413052	935612	935927	3
476082	744703	744961	0
828258	194885	195934	1
45960	813668	815460	1
443284	783711	785386	1
267886	235222	237647	4
267979	689319	689477	8
853058	692509	693182	6
752709	836714	838284	3
533778	528386	532626	4
828258	764043	765652	3
828258	636257	638842	2
952167	346835	349547	3
533778	177747	180469	2
828258	761794	762251	4
828258	301583	304639	1
533778	259166	260029	1
481797	1032226	1039150	2
443284	550095	551130	1
658980	200608	201347	4
952167	334286	334574	2
267979	837913	838284	0
481797	44454	45960	0
182412	1046439	1048453	2
752709	714258	716312	6
413052	590927	591557	1
533778	306618	306790	1
443284	435157	437421	6
828258	599471	607909	5
952167	760934	762251	6
481797	124968	125214	0
533778	284906	285614	1
828258	108455	110457	1
408817	140019	142046	10
267886	1030136	1030193	0
828258	690721	690857	2
182412	267684	267886	0
752709	467040	467177	1
828258	202447	202941	4
952167	915200	917216	4
853058	658702	658980	8
45960	630786	630942	3
408817	496294	497083	0
443284	612342	614437	0
658980	423546	424541	6
443284	988543	989899	4
45960	232608	237647	0
45960	407306	408160	2
182412	1047077	1048453	2
267979	606657	607909	7
952167	715924	716312	3
752709	854268	856857	3
408817	1017627	1018364	2
952167	962242	966144	1
481797	93854	94002	0
752709	753567	754708	0
182412	362433	365538	3
853058	811260	815460	1
413052	806428	807477	5
853058	1038899	1039150	5
476082	819108	820284	0
952167	375242	375967	5
476082	318522	319165	1
853058	377316	377357	2
481797	702254	703408	3
182412	691855	693182	1
533778	622280	624980	3
658980	524339	525184	6
952167	821441	821616	4
853058	62568	63567	7
267886	216434	216445	4
853058	476468	477345	0
45960	517950	519666	0
533778	242717	243146	0
267886	435663	437421	4
481797	619968	622093	0
533778	1025848	1026318	1
481797	161507	162563	0
45960	464570	467177	2
267886	943837	944266	0
267979	269904	271014	0
658980	787842	788853	1
182412	115181	116703	6
481797	931628	931681	1
952167	308883	308939	5
476082	570525	571195	0
413052	851054	851350	0
182412	160649	162563	4
658980	540512	542285	8
182412	412495	413052	2
443284	418444	420469	10
267979	520555	521198	3
267979	331710	332157	0
476082	720728	722433	1
828258	788996	790293	6
267886	914363	915149	1
267886	692204	693182	9
413052	643342	643586	1
182412	987945	989899	3
828258	954257	954834	1
267979	472848	472959	6
853058	125520	128401	7
752709	146116	149423	2
481797	598111	598177	0
658980	927369	927983	1
952167	254234	254520	1
476082	1025870	1026318	0
952167	190183	193821	3
476082	135367	135423	0
267979	1021975	1023379	2
752709	685519	689477	4
481797	540506	542285	4
828258	418924	420469	1
443284	494024	495042	0
413052	956026	957165	0
476082	866133	868630	1
481797	946760	947266	0
267886	848299	851350	2
267886	902911	905208	0
45960	643877	643898	1
828258	847029	851350	1
443284	220860	221072	1
413052	978510	984060	3
658980	1042293	1042530	0
476082	911560	913882	2
413052	799431	802003	4
481797	793059	794879	0
443284	72653	73808	9
443284	385805	387499	6
408817	773483	774028	1
408817	1041598	1042530	3
408817	67520	68873	9
267979	654314	654597	8
853058	118068	118661	6
952167	533711	533778	0
752709	547093	547526	0
952167	91307	92257	2
408817	239076	241047	5
533778	672886	673373	0
182412	838049	838284	3
408817	806109	807477	2
443284	136312	137461	5
658980	611889	614437	4
853058	264298	264473	8
952167	943588	944266	11
408817	819734	820284	1
828258	678255	680935	4
752709	946311	947266	2
658980	581663	583792	10
481797	811383	815460	2
182412	129135	132507	6
476082	561347	561988	0
267979	900837	905208	1
45960	85856	87060	0
853058	234324	237647	11
828258	539188	542285	0
658980	33165	34514	1
267979	463834	464043	5
443284	665928	667260	1
752709	434870	437421	2
481797	32284	32521	0
658980	479015	479954	4
45960	900122	905208	2
752709	88937	90093	8
752709	1002055	1002268	0
853058	855627	856857	0
408817	816321	816935	1
267886	641704	643586	8
443284	886058	889666	2
533778	148253	149423	0
182412	645252	646173	0
476082	167635	168114	0
408817	373529	374625	4
267979	934200	934390	4
408817	110157	110457	6
182412	693468	695538	2
533778	379754	381101	1
