fromId	keyId	targetId	timeout
258030	567839	570375	3
874911	535399	538177	8
185445	326891	332157	5
816250	198173	198450	7
185445	454087	455336	0
874911	854969	856857	3
258030	976579	976853	7
34514	28638	31961	10
248234	539900	553941	28
248234	872005	872105	0
185445	261193	261950	9
1002967	111786	114607	16
34514	980516	983382	5
258030	30523	31961	6
1002967	164835	168361	15
1002967	599125	607571	8
258030	855710	856857	4
185445	219420	221165	3
816250	629107	630770	3
185445	466782	470575	1
248234	952711	954834	17
816250	540832	553941	29
816250	768861	771016	23
258030	883154	892206	18
258030	123143	123198	5
258030	401080	401960	4
258030	724205	724387	5
34514	473509	474019	6
1002967	177420	177600	9
34514	750856	751979	7
874911	525918	528802	9
258030	555528	557799	6
874911	608394	609989	10
258030	46379	48391	4
248234	134437	134778	9
34514	705420	707032	3
258030	83891	90093	20
185445	915436	917216	15
34514	717284	719558	3
258030	136602	136687	8
258030	1012480	1016214	9
874911	301017	306706	3
816250	4941	7207	3
816250	603571	607571	0
816250	532588	532626	2
258030	428566	431308	4
34514	680766	680935	0
258030	496133	498420	3
816250	36663	38145	3
185445	159835	162563	10
34514	709700	711452	2
185445	42547	43174	9
1002967	855628	856857	31
258030	125173	125371	6
258030	897647	899487	11
1002967	113951	114607	14
874911	553771	553941	14
874911	432530	437421	6
258030	113886	114607	4
258030	1030137	1030193	6
248234	1016966	1020859	3
816250	370882	372033	1
1002967	1036131	1040759	5
248234	561301	561988	2
1002967	575178	578227	10
258030	886901	892206	11
1002967	369563	372033	21
248234	519990	522408	2
248234	302467	306706	4
185445	502787	503721	0
1002967	777342	778081	23
816250	814747	815460	27
185445	928837	931681	11
185445	606281	607571	5
258030	611044	614437	7
816250	258146	258798	11
185445	834006	835390	6
248234	797696	798431	3
34514	914457	914893	3
816250	83634	90093	9
1002967	830917	832532	29
816250	68577	68873	8
248234	1044664	1045821	4
816250	519616	519666	0
248234	982073	983382	0
248234	490610	492068	15
185445	159028	159133	9
185445	989999	991799	1
816250	388199	388598	2
258030	86731	90093	17
874911	984700	985974	1
1002967	509758	510670	6
185445	962461	966144	34
34514	433516	437421	7
258030	252990	255421	30
816250	599904	607571	0
874911	645969	646173	5
1002967	835637	838284	31
258030	612079	614437	3
816250	970897	973996	3
34514	1015218	1016214	11
816250	120870	123198	6
258030	99930	101892	4
34514	541090	553941	31
185445	213182	213739	3
1002967	192948	193821	12
34514	391734	401960	10
248234	734865	739081	3
34514	498214	498420	8
258030	993988	995910	8
34514	528965	531849	9
248234	713734	715133	0
816250	322524	322963	0
185445	34968	35893	2
34514	127568	131196	4
248234	127509	131196	10
248234	811886	815460	0
1002967	811392	815460	29
816250	805764	807477	26
874911	663490	665442	8
185445	631291	633398	2
258030	73315	76091	11
874911	1031422	1032148	0
34514	333630	338304	9
248234	612834	614437	3
258030	669072	670082	5
816250	726638	727646	3
1002967	994938	995910	11
34514	472185	472812	7
34514	1014616	1016214	11
185445	119628	120046	4
874911	528401	528802	5
258030	502606	503721	2
34514	681663	682424	2
1002967	886616	892206	13
874911	780962	782147	3
258030	54018	54609	4
258030	94079	94902	17
248234	677290	679061	1
34514	288651	290401	5
185445	18668	23146	1
185445	865867	866689	7
258030	862715	865765	6
1002967	901985	905208	13
248234	6973	7207	2
248234	697449	700300	0
34514	500599	502601	7
185445	1008934	1009650	2
248234	297872	299782	2
185445	81991	83034	3
185445	808422	810848	5
874911	463258	465452	8
874911	976684	976853	1
185445	456960	457146	0
258030	17987	23146	7
34514	440491	441627	6
874911	337016	338304	4
248234	442597	442735	1
34514	1034243	1040759	10
185445	723856	724387	0
816250	693601	694184	4
185445	796171	796204	3
1002967	696344	696859	10
1002967	402711	403237	15
816250	464137	465452	0
816250	633795	634784	2
185445	949734	950468	23
1002967	153301	153570	11
874911	912056	912394	0
1002967	273743	274989	13
34514	289320	290401	4
185445	54348	54609	1
258030	292509	292738	0
248234	157119	157920	12
874911	893638	896184	2
1002967	276944	277634	13
34514	723343	723648	2
258030	486884	492068	3
816250	405059	406102	3
185445	250221	255421	13
1002967	436052	437421	16
1002967	43395	48391	7
1002967	411765	413052	16
248234	973657	973996	1
248234	715809	715899	0
1002967	863846	865765	11
258030	545160	553941	31
248234	447428	448841	0
816250	836719	838284	1
816250	487054	492068	1
816250	783450	785342	19
1002967	873782	874911	11
34514	239652	242213	2
258030	610957	614437	7
34514	263027	263199	3
248234	739574	742311	2
874911	357582	359864	3
