fromId	keyId	targetId	timeout
117075	9599	13330	1
323492	461139	461652	0
851350	571958	572536	0
374625	1047738	1048453	0
117075	881304	882152	2
851350	370628	371634	3
378843	73419	73808	5
598405	629792	630942	2
378843	990053	991464	1
225712	340846	340970	0
851350	674977	676138	4
27129	384647	385773	0
657225	381929	383205	0
378843	469111	470575	0
876946	247213	248234	1
671638	862135	862978	0
624980	693400	695538	2
657225	129398	132507	5
671638	352910	353698	1
671638	73479	73808	4
374625	892297	893659	1
323492	941859	942126	2
374625	716970	719330	0
27129	531989	532626	1
598405	1028253	1029343	4
323492	84939	85128	7
851350	1022499	1023379	5
851350	451449	455336	1
657225	637140	638842	2
671638	70646	71283	4
657225	916031	917216	1
323492	845383	851350	5
378843	627524	630942	2
624980	290854	292738	1
851350	680362	680935	5
117075	740136	742859	2
225712	645249	646173	3
374625	229208	229784	1
671638	836792	838284	0
794879	148489	149423	0
374625	109552	110457	1
657225	1035919	1039150	5
1020133	267861	267886	3
876946	982101	984060	2
851350	969702	970485	0
1020133	318275	319165	0
794879	150876	152478	0
374625	93432	94002	0
671638	149090	149423	1
624980	103315	104652	7
27129	558909	559477	0
851350	796204	796204	0
876946	992311	994191	5
117075	571515	572536	1
1020133	389299	389728	2
851350	171027	171644	7
374625	630794	630942	2
117075	359554	359864	2
225712	317207	319165	0
374625	857738	859840	1
794879	27107	27129	0
1020133	781692	782147	6
117075	1029579	1029789	1
657225	637164	638842	2
876946	621152	622093	6
117075	3750	3908	1
27129	115807	116703	1
225712	40798	41679	0
624980	90529	92257	8
851350	330510	330701	0
624980	967134	970485	1
27129	678977	680935	1
851350	283814	283843	4
117075	106314	106778	3
27129	262659	263199	0
876946	602999	607909	7
657225	646957	647753	3
624980	191031	193821	6
671638	229719	229784	0
323492	983315	984060	2
794879	250867	252008	0
27129	554988	555642	1
27129	851743	852003	1
624980	624444	624980	10
657225	863422	863975	0
851350	203677	207609	12
27129	173186	175354	0
117075	992084	994191	3
374625	302442	304639	0
671638	360473	365538	3
1020133	863024	863975	8
378843	289909	290401	1
624980	674462	676138	1
851350	99955	102123	10
225712	108796	110457	0
671638	1016747	1018364	1
657225	520517	521198	2
794879	815873	816250	0
851350	339199	339686	0
851350	661024	662550	8
1020133	637891	638842	5
225712	166758	168114	0
624980	36313	40539	2
225712	316925	319165	0
794879	187706	193821	3
657225	321527	323492	6
671638	901779	905208	0
794879	418068	418391	1
117075	647017	647753	1
671638	415528	415924	0
657225	822212	823465	0
27129	25922	27129	0
323492	264098	264473	3
1020133	842167	844119	10
624980	573357	578227	6
624980	348757	349547	2
1020133	913	3041	0
598405	672012	672032	0
598405	139979	142046	8
225712	13053	13330	0
27129	314777	315068	0
374625	730959	737744	2
1020133	904096	905208	6
851350	921451	921851	0
225712	603634	607909	3
671638	724757	727116	0
27129	549642	549972	1
374625	949303	949659	4
1020133	498124	498420	0
27129	911673	913882	2
1020133	991347	991464	7
876946	525779	526807	4
27129	885250	885717	0
374625	743353	743657	0
876946	690654	690857	4
378843	470755	472226	0
225712	332780	334574	0
225712	369768	370308	2
27129	532992	533778	2
657225	8604	9550	1
671638	840725	844119	0
598405	991936	994191	11
876946	727848	728027	4
323492	456724	457146	0
598405	592130	596578	5
225712	272195	273352	0
876946	509453	510670	4
225712	799546	802003	0
117075	746198	749409	4
598405	682363	682424	0
1020133	957853	958104	7
378843	629341	630942	2
876946	646551	646610	4
374625	10453	13330	1
657225	556224	557799	8
225712	681567	682121	4
624980	745315	749409	5
876946	1013615	1018364	3
598405	370962	371634	5
225712	26140	27129	0
1020133	415673	415924	2
27129	74459	76909	1
27129	335048	338304	1
27129	456963	457146	0
323492	657889	658390	0
117075	166554	168114	0
117075	122303	123198	0
876946	843661	844119	5
225712	1029382	1029789	0
1020133	188134	193821	5
624980	426975	429707	2
378843	528236	528294	0
378843	775635	776080	0
624980	431968	432312	1
1020133	175574	176813	0
657225	137010	137461	0
225712	9819	13330	1
1020133	617391	622093	10
1020133	535930	538118	3
794879	825719	827146	4
378843	950309	950468	0
851350	1019873	1020133	5
323492	948208	949659	3
225712	977229	984060	4
323492	521120	521198	0
117075	491176	492068	2
225712	464101	467177	3
1020133	789093	790293	6
27129	992901	994191	2
851350	465967	467177	1
225712	166572	168114	0
323492	444277	445869	2
374625	689181	689477	0
671638	667137	667260	0
624980	966224	970485	1
117075	348404	349547	1
598405	917130	917216	4
