fromId	keyId	targetId	timeout
446573	176087	176813	10
76909	280941	281657	3
821616	334334	338304	9
652401	929472	931681	1
76909	584058	584836	8
446573	101061	101892	3
368460	442867	445869	6
210869	70531	76091	13
162563	988095	991799	6
892206	656943	657225	2
162563	310822	313252	2
860321	740093	742311	6
76909	121453	123198	0
210869	577118	578227	6
652401	637606	640199	3
652401	544828	553941	22
134778	817920	818271	6
76909	512068	512353	6
210869	585051	589154	10
892206	502956	503721	5
446573	345500	345676	6
446573	849714	851350	7
446573	855933	856857	7
446573	509640	510670	2
76909	37470	38145	7
892206	52343	54609	1
652401	96753	99099	17
162563	592421	598015	6
892206	662407	662550	3
368460	306956	308324	10
320133	510104	510670	1
892206	528283	528802	4
422020	502903	503721	1
134778	334443	338304	5
422020	456022	457146	0
320133	790112	790320	1
892206	858510	860321	6
210869	806284	807477	26
210869	1046700	3041	21
422020	158219	158919	8
134778	904277	905208	7
134778	328206	332157	6
210869	32763	34514	13
134778	51418	54609	10
134778	1045859	3041	12
162563	290475	290523	3
652401	697909	700300	2
210869	759594	762251	21
368460	261466	261950	5
76909	445726	445869	5
422020	243905	244247	10
821616	426828	431308	12
652401	713189	713589	3
422020	608196	609989	3
652401	170630	170646	3
134778	15249	16911	10
134778	822977	823465	7
446573	195203	197817	9
652401	104894	106939	3
821616	810397	810848	14
210869	487229	492068	1
892206	303107	306706	6
446573	887029	892206	14
210869	75931	76091	10
76909	1045488	1045821	12
821616	745654	749409	8
210869	46736	48391	10
134778	299917	299986	1
134778	263340	264473	3
821616	245841	248234	2
76909	797544	798431	24
210869	219513	221165	1
320133	330482	332157	1
134778	344387	345676	12
162563	52642	54609	3
210869	249309	249946	6
134778	763935	765652	13
162563	32639	34514	3
860321	281116	281657	2
134778	432138	432312	8
210869	397402	401960	10
860321	60256	61121	9
76909	224287	225378	2
368460	377162	377243	0
821616	16977	23146	10
320133	800813	802003	0
320133	292856	293470	16
162563	529810	531849	6
134778	82756	83034	18
368460	791984	792224	2
860321	24779	27453	9
76909	533419	533778	6
821616	934182	936425	7
320133	119711	120046	16
368460	216001	216883	6
821616	970762	973996	5
446573	425153	426107	7
210869	462024	465452	1
422020	704976	707032	9
210869	161065	162563	8
652401	282904	285454	3
76909	71528	76091	9
860321	790791	791933	22
821616	517785	519666	7
320133	542818	553941	22
368460	129512	131196	11
134778	586773	589154	12
446573	239953	242213	8
821616	49054	50882	0
134778	387261	388598	7
860321	332087	332157	4
320133	70356	76091	11
652401	483445	492068	4
892206	459290	465452	4
320133	25466	27453	10
320133	256091	256585	18
652401	627085	627409	2
162563	826993	828435	4
821616	742834	744681	18
210869	755448	762251	19
368460	299951	299986	6
652401	1038022	1040759	1
422020	408689	409102	6
860321	4699	7207	8
76909	1015098	1016214	8
134778	1011682	1012464	14
134778	779269	780277	13
162563	215775	216883	21
162563	908508	910106	10
446573	778867	780277	0
134778	954951	958776	22
210869	10522	10639	10
821616	549564	553941	18
210869	224050	225378	0
652401	364817	365538	4
652401	53884	54609	1
860321	323735	332157	14
210869	413537	418391	4
892206	454952	455336	2
892206	1004890	1005439	5
76909	421481	422017	4
821616	398219	401960	7
652401	911982	912394	5
76909	232861	237647	7
860321	337080	338304	5
76909	476322	477345	5
368460	364507	365538	6
446573	894339	896184	15
210869	637077	640199	1
892206	383385	385773	2
368460	1046158	3041	21
892206	512835	513972	3
422020	326284	332157	13
162563	451838	455336	7
652401	991510	991799	0
162563	253018	255421	4
210869	126855	131196	12
422020	153181	153570	8
652401	899333	899487	6
320133	319050	319165	18
860321	197881	198450	2
422020	725096	727646	9
892206	1011772	1012464	5
368460	227052	228625	5
76909	521275	522408	6
860321	316978	319165	2
76909	184785	185445	1
210869	187685	193821	13
134778	624746	624773	12
892206	959956	966144	29
162563	924986	924989	3
210869	258002	258030	7
210869	134711	134778	11
860321	252441	255421	5
320133	39273	39534	6
76909	252046	255421	6
162563	153709	155559	7
446573	939962	944455	13
76909	952505	954834	8
821616	1030560	1032148	9
320133	912309	912394	8
368460	978999	979430	13
134778	488166	492068	10
860321	339678	341078	3
860321	218361	221165	2
821616	731633	739081	15
76909	1022146	1023379	8
162563	707447	707559	9
76909	250063	255421	7
162563	731061	739081	10
162563	628959	630770	5
652401	160515	162563	2
446573	739442	742311	2
210869	717520	719558	5
134778	580753	583792	15
422020	131682	132507	13
210869	507085	507747	0
