fromId	keyId	targetId	timeout
786381	726018	727646	6
297772	177624	182521	6
947266	78240	81597	4
450080	451690	451797	0
786381	846152	851350	2
947266	353762	354873	21
204141	198036	198450	16
297772	710057	711452	7
213739	64935	67678	9
297772	837036	838284	0
297772	639943	640199	9
947266	913268	914893	11
213739	814336	815460	5
297772	59346	61121	1
237647	26877	27453	6
786381	741906	742311	6
786381	759508	762251	14
450080	207346	207609	8
237647	715664	715899	4
786381	676608	676976	3
257489	1030920	1032148	1
786381	822543	823465	1
297772	355787	359864	6
947266	561193	561988	5
786381	698202	700300	5
213739	986089	991799	6
237647	223391	225378	14
257489	873311	874911	3
257489	782069	782147	6
204141	486908	492068	11
450080	168576	170646	10
204141	177731	182521	15
237647	720669	722433	5
237647	641946	643586	0
297772	1025140	1026318	1
204141	121710	123198	8
213739	358402	359864	0
213739	801661	802003	3
257489	392533	401960	5
786381	234375	237647	6
786381	435666	437421	7
237647	28346	31961	6
237647	680082	680935	2
450080	1026396	1030193	3
450080	313526	314036	12
204141	982359	983382	7
450080	101108	101892	15
786381	251374	255421	10
237647	711427	711452	4
204141	236401	237647	3
213739	595642	598015	3
786381	803367	804403	0
786381	720829	722433	5
450080	28831	31961	2
257489	761975	762251	7
786381	181598	182521	3
947266	230296	230416	11
297772	399968	401960	6
786381	119268	120046	3
237647	720661	722433	5
450080	795906	796204	3
297772	12813	16911	7
786381	577534	578227	3
237647	849774	851350	1
450080	784840	785342	0
947266	259175	260422	8
257489	678283	679061	4
297772	807437	807477	12
213739	625769	627409	2
213739	71223	76091	19
297772	98038	99099	4
257489	602158	607571	3
204141	815797	816250	5
204141	120907	123198	8
257489	706725	707032	2
297772	65524	67678	1
947266	335251	338304	11
213739	450428	451797	0
204141	813038	815460	5
947266	647784	648336	2
213739	287077	290401	5
786381	522298	522408	5
237647	653439	654959	2
257489	271604	271850	1
786381	844977	851350	2
786381	219838	221165	3
237647	452616	455336	7
237647	34768	35893	6
786381	336726	338304	4
947266	790749	791933	21
237647	761719	762251	9
237647	688290	691286	6
297772	354151	354873	5
237647	918837	919539	2
204141	525178	528802	8
257489	232276	237647	11
213739	699997	700300	6
213739	438353	441627	7
297772	703057	703408	7
450080	138723	139146	7
947266	441124	441627	0
947266	727398	727646	3
257489	458438	465452	2
297772	633678	634784	9
257489	796252	798431	0
297772	791008	791933	10
213739	370943	372033	2
786381	622692	624773	8
257489	697547	700300	2
237647	1028393	1030193	8
786381	947655	950468	21
450080	1023077	1023379	0
947266	677932	679061	2
786381	414259	418391	9
257489	536301	538177	2
257489	871780	872105	2
947266	642279	643586	1
237647	5403	7207	6
450080	932832	933667	11
257489	734057	739081	9
237647	63764	63849	4
297772	135788	136687	2
786381	978747	979430	0
213739	690580	691286	3
257489	510519	510670	0
450080	1042377	1042530	0
297772	138890	139146	2
237647	6222	7207	6
237647	423121	424541	7
450080	800081	802003	3
947266	842918	851350	27
237647	918850	919539	2
257489	347548	349547	13
297772	783008	785342	10
450080	465011	465452	0
786381	918107	919539	0
237647	555508	557799	4
450080	668624	670082	4
786381	747507	749409	10
237647	531827	531849	0
204141	132863	133308	8
204141	477664	480277	11
947266	653863	654959	4
947266	358237	359864	28
237647	201293	201347	13
237647	28884	31961	6
257489	343389	345676	11
297772	309680	310069	2
213739	323658	332157	10
257489	652642	654959	2
213739	913527	914893	4
257489	806467	807477	1
237647	88234	90093	15
450080	858948	860321	9
947266	901423	905208	9
257489	967615	969501	24
947266	383356	385773	24
237647	1001133	1002967	6
947266	685769	691286	5
237647	717305	719558	5
213739	641320	641666	3
450080	162439	162563	9
450080	582732	583792	5
213739	665728	666514	2
257489	12362	16911	5
297772	99999	101892	4
257489	184505	185445	5
213739	605006	607571	2
237647	642611	643586	0
297772	928726	928731	4
947266	529393	531849	4
257489	820082	821616	1
297772	509698	510670	7
237647	680406	680935	2
204141	346095	346588	10
947266	50739	50882	2
237647	1003234	1005439	7
237647	591449	598015	3
450080	661753	662550	3
257489	194091	197817	7
947266	943361	944455	7
213739	788020	790320	7
213739	152084	152478	16
450080	836577	838284	5
947266	516989	519666	1
204141	132546	133308	9
257489	716828	719558	3
947266	178674	182521	10
204141	136942	137461	8
204141	163299	163718	8
297772	1035315	1040759	2
947266	602538	607571	3
204141	160670	162563	9
786381	975711	976853	0
297772	251977	255421	10
204141	290912	292738	4
947266	621818	624773	8
