fromId	keyId	targetId	timeout
96936	300267	300709	0
548225	615547	615704	2
992036	10875	13330	0
908793	678938	679061	0
992036	664919	665069	0
387499	454548	455336	0
166042	577616	578227	0
899578	716167	716312	0
992036	944868	946150	0
548225	252811	254307	0
571264	769475	771016	0
96936	589913	590546	0
643898	583576	583792	1
548225	932887	933667	0
96936	343457	345676	0
242213	42226	43174	0
992036	244046	244119	2
899578	56651	57763	0
438344	574460	578227	2
332157	548718	549972	0
387499	244857	245695	0
332157	155602	155606	2
387499	323435	323492	0
293817	711812	712247	0
470575	1009438	1009650	0
571264	949522	949586	1
293817	374247	374625	0
438344	33405	34514	0
723648	716103	716312	0
643898	304145	304639	0
319775	510969	512353	0
438344	993254	995491	1
992036	969791	970485	0
166042	902598	905208	1
319775	781980	782147	1
908793	363364	363419	1
723648	960825	960974	0
319775	984687	985974	2
908793	668896	669267	0
470575	830525	830743	0
643898	280011	280260	0
332157	521485	522408	1
438344	649051	650149	1
571264	535638	538118	0
571264	163544	163718	0
166042	88881	89563	0
548225	612460	615247	1
293817	13874	15228	0
571264	325901	326335	0
723648	650547	652401	0
319775	337721	338304	0
166042	987420	989899	0
571264	237898	238986	2
470575	496028	498420	1
96936	197873	198450	0
899578	975659	976853	0
643898	861137	861378	2
319775	506041	506330	0
408499	171806	172078	0
928818	600832	607571	0
166042	1004270	1009650	1
242213	258917	258968	1
387499	344286	345676	0
548225	394506	397329	0
928818	914786	914893	1
992036	967799	969501	0
992036	281804	282024	0
571264	456554	458000	2
992036	367864	367995	0
643898	13584	15228	1
332157	18907	24233	2
548225	313045	313252	0
928818	561645	561988	0
571264	213888	215323	3
992036	253499	254307	2
332157	614571	615247	0
438344	959997	960974	2
438344	1025458	1026318	0
470575	993810	995491	1
992036	202648	202941	0
242213	281622	281657	0
643898	557907	559477	0
643898	886898	889666	1
908793	668509	669267	0
548225	688652	689477	4
319775	930345	931681	3
470575	794964	795326	0
928818	101912	101928	0
548225	105168	106778	2
319775	8005	9550	2
332157	216011	216445	0
908793	410036	410762	0
293817	367491	367995	0
387499	663953	664483	0
548225	535185	538118	1
96936	379988	381101	0
992036	13399	13480	0
470575	146493	149423	0
992036	209849	210869	0
387499	177198	177231	0
571264	741150	741908	0
408499	288023	288828	0
470575	519312	519666	0
928818	795690	796204	1
723648	469179	470575	0
293817	628862	629887	0
408499	616474	617117	0
571264	495128	495341	0
408499	706648	707032	0
96936	889832	892206	0
319775	415891	415924	0
908793	1016245	1018364	1
571264	432278	432312	0
293817	267952	267979	0
571264	257792	257797	0
928818	468825	470575	0
293817	1011365	1012464	1
293817	228885	229784	2
723648	822226	823465	0
908793	478572	479954	0
723648	1042737	1043581	0
548225	864997	865765	1
319775	990669	991464	2
319775	714402	715133	0
470575	94899	94902	0
293817	304552	304639	0
408499	427883	429707	0
387499	907974	908372	0
643898	579631	581096	1
166042	751861	751979	0
928818	148985	149423	1
438344	782240	785342	1
908793	836646	836655	0
723648	999825	1000187	0
548225	174758	175354	0
723648	271978	273352	0
293817	864884	865765	0
643898	383449	383969	0
908793	617367	617867	1
319775	367069	367336	0
408499	115126	117075	1
332157	921905	923615	2
438344	363659	365538	0
992036	738299	739081	1
319775	300460	300709	2
548225	260435	261410	1
571264	125125	125214	0
319775	514742	515586	0
908793	724039	724387	0
387499	136079	136687	0
928818	961150	961350	0
242213	181469	181588	0
408499	981375	984060	1
319775	16114	16911	2
438344	798901	799194	0
992036	823502	825407	0
332157	897917	899578	1
166042	439460	440160	0
899578	356401	359864	0
96936	114844	114878	0
928818	1042078	1042530	0
992036	956990	957165	0
293817	320348	322260	0
387499	461485	461652	0
319775	674315	676143	3
96936	718701	719330	0
992036	83910	83976	0
723648	535670	538118	0
723648	842611	851350	2
242213	60743	61121	0
908793	385209	385773	1
166042	91327	92257	2
899578	404926	405815	0
992036	821113	821616	0
387499	16366	16911	0
928818	674921	676143	2
319775	101539	101892	1
723648	1003139	1003913	0
293817	182755	184483	0
96936	845925	851350	1
319775	848839	851350	3
242213	397655	399305	0
548225	231830	237647	0
908793	588772	589154	1
908793	377887	378313	1
387499	1043624	1044951	1
899578	248640	249946	0
723648	1029587	1029789	0
319775	229957	230416	1
548225	179887	179957	0
899578	880293	880570	0
992036	706360	707032	0
908793	699170	700300	0
166042	1027019	1028002	0
96936	608253	608892	0
571264	757820	761194	0
899578	275876	277634	0
