fromId	keyId	targetId	timeout
258968	394162	394309	1
422017	725740	727116	0
117898	959018	959083	0
1009650	412356	413052	1
422017	121253	123198	3
182521	702848	703408	1
182521	826939	827146	0
737744	906292	908372	1
182521	155125	155606	4
607909	977468	984060	3
937784	994175	994191	1
1009650	508727	510670	2
258968	395097	397329	1
356213	475617	476042	0
258968	861404	861931	0
1009650	342971	346588	1
372033	877489	877936	3
422017	948975	949659	2
737744	75803	76909	4
607909	435610	437421	0
258968	507766	510670	2
117898	710612	712247	2
1009650	118061	118661	0
110457	493055	495042	1
113664	1020697	1020859	1
607909	886769	889666	0
937784	272923	273352	0
372033	358011	359864	2
182521	497575	498420	0
607909	83481	83976	11
157920	649639	650149	0
157920	425200	429707	2
372033	1026948	1028002	2
157920	741566	742859	4
1009650	428714	429707	2
152478	691392	693182	1
157920	322830	323492	1
937784	558068	559477	1
152478	909166	909414	3
607909	403533	404091	2
607909	910488	911364	0
937784	298873	299782	0
1009650	257800	258798	1
110457	690371	690624	0
737744	389223	389728	3
607909	299998	300832	3
372033	857173	859840	3
117898	659175	659298	2
110457	943507	944266	0
422017	461073	461652	0
258968	448079	448841	1
937784	158820	158919	0
157920	811665	815460	1
157920	251783	252008	0
737744	815251	815460	0
157920	465474	467177	1
607909	836400	838284	3
737744	1007789	1009650	0
737744	159303	162563	1
937784	271642	271850	0
113664	849031	851350	1
1009650	603824	607909	5
937784	350989	352613	1
113664	166890	168114	0
182521	84980	85128	6
117898	710896	712247	2
258968	813057	815460	0
117898	912477	913882	1
110457	429443	429707	2
113664	643357	643586	0
113664	750263	751979	0
117898	393247	394309	0
422017	529273	532626	4
356213	979129	984060	6
110457	733180	737744	0
937784	209872	210869	4
157920	666971	667260	0
607909	194355	195934	2
113664	710438	712247	1
737744	678293	680935	4
110457	654165	654597	0
157920	863400	863975	0
110457	510550	510670	0
737744	340615	340970	2
157920	807932	810740	1
117898	870607	872105	1
422017	544012	545171	1
110457	54134	58031	3
152478	549672	549972	0
258968	412271	413052	2
607909	1040477	1042530	4
110457	113581	113664	0
356213	309866	310033	1
372033	447132	448841	2
258968	627510	630942	2
258968	623855	624980	1
607909	787806	788853	0
372033	267052	267886	0
157920	570414	571195	0
182521	1031366	1032148	3
356213	551432	553941	2
113664	448266	448841	0
182521	290370	290401	2
937784	578564	578665	2
1009650	688459	689477	2
258968	347050	349547	3
1009650	454250	455336	1
152478	283628	283843	0
356213	72948	73808	8
372033	988299	989899	1
356213	869693	872105	1
1009650	476689	477345	1
372033	261286	261410	0
607909	717916	719330	1
1009650	757342	762251	4
422017	879842	880778	2
113664	825845	827146	1
182521	411025	413052	3
372033	106138	106778	0
117898	828691	830743	1
117898	984313	984545	2
258968	989475	989899	5
110457	89979	90093	0
607909	459893	461652	0
157920	678084	680935	2
110457	45365	45960	0
152478	124566	125214	1
937784	364386	365538	0
607909	769904	771016	1
607909	376203	376315	1
356213	382701	383205	0
356213	406871	408160	3
937784	553765	553941	1
113664	57127	58031	2
737744	130982	132507	3
372033	699420	700385	1
737744	701645	702175	2
157920	3515	3908	5
1009650	36701	40539	2
258968	269543	271014	0
937784	172794	173024	0
258968	292282	292738	0
113664	668176	669267	2
157920	75050	76909	7
113664	446536	446573	0
356213	857837	859840	0
157920	697916	700385	1
182521	180330	180469	3
117898	1017199	1018364	1
737744	477749	479954	1
607909	315818	316427	1
258968	173134	175354	0
1009650	971800	976853	4
117898	188909	193821	7
1009650	362692	365538	1
737744	774007	774028	0
737744	811452	815460	1
422017	35794	35893	1
372033	847173	851350	4
356213	758911	762251	2
937784	528909	532626	6
422017	544425	545171	1
258968	882692	883083	0
372033	678448	680935	2
152478	806893	807477	0
117898	395462	397329	0
258968	29885	29965	0
737744	124559	125214	0
422017	75031	76909	2
937784	280625	281657	1
152478	24724	27129	1
422017	328816	329327	6
372033	880891	882152	3
117898	954156	954834	0
607909	624291	624980	1
152478	918065	920026	4
356213	284741	285614	3
372033	120380	123198	0
607909	493718	495042	0
113664	277955	280260	1
422017	299104	299782	5
110457	789111	790293	2
737744	902175	905208	0
372033	488605	492068	2
607909	167313	168114	0
182521	359078	359864	2
152478	545713	546016	3
1009650	191953	193821	3
258968	481177	481797	2
113664	395910	397329	0
1009650	651453	652401	2
356213	160575	162563	3
117898	424340	424541	2
607909	266656	267886	1
422017	432736	437421	1
117898	390115	394309	2
117898	442356	442735	2
