fromId	keyId	targetId	timeout
216578	719913	720042	2
928731	1012018	1012464	0
765652	619348	622093	3
216578	954720	954834	5
727646	214449	215127	7
383225	905838	905962	0
96511	1007001	1009650	0
198450	684542	689477	1
283843	848974	851350	5
905208	136948	137461	0
252008	507929	510670	0
96511	509981	510670	0
920607	826376	827146	1
716312	183623	186016	10
198450	386405	387499	0
950468	330606	330701	0
216578	6336	6426	7
935606	165234	166042	0
920607	133816	135423	4
959083	549115	549972	2
716312	1025175	1025369	6
332598	828491	830743	0
950468	366750	366918	2
716312	715391	716312	7
383225	1005322	1009650	2
959083	473735	474019	2
727646	515183	516056	7
727646	516094	517644	6
905208	538265	538508	1
765652	1011621	1012464	1
216578	997485	1000187	6
950468	257980	258798	1
920607	429655	429707	1
959083	598773	607909	7
261950	533811	534025	0
727646	333586	334574	5
283843	551320	553941	0
920607	213995	215127	6
383225	97099	99099	3
928731	637710	638842	5
765652	574040	578227	1
383225	416184	417194	0
216578	828577	830743	4
383225	447394	448841	2
935606	956999	957165	0
727646	658034	658390	10
920607	234657	237647	6
216578	58343	58730	9
283843	666296	667260	2
252008	35053	35893	1
765652	119032	119730	0
226498	63775	64312	7
905208	94619	95908	4
959083	440629	441627	2
96511	93136	94002	6
216578	999380	1000187	6
727646	350237	352613	5
950468	266384	267886	1
383225	111821	112529	3
928731	862949	862978	4
716312	723412	723648	0
332598	66356	68873	3
226498	803913	804403	1
216578	289727	290401	0
283843	692027	693182	2
950468	79889	81421	5
716312	433731	437421	3
226498	1030582	1032148	7
959083	122301	123198	0
716312	95948	96511	9
935606	536252	538118	2
920607	279605	280260	4
283843	646363	646610	0
216578	493484	495042	0
920607	852444	852858	4
935606	864762	865765	1
727646	584910	586117	11
383225	827749	828258	2
905208	910992	911364	0
928731	394886	397329	1
935606	1036558	1039150	1
727646	971196	976853	2
226498	853782	853903	2
252008	498876	499381	0
252008	338618	339686	1
905208	415094	415924	2
905208	190357	193821	7
928731	123968	125214	0
950468	1006985	1009650	2
383225	944036	944266	0
727646	866403	868630	1
283843	93607	94002	5
283843	130178	132507	7
935606	215881	216445	0
216578	384556	385773	1
252008	768327	768405	1
935606	1001717	1001727	3
96511	461478	461652	1
283843	524204	525184	2
765652	573816	578227	1
727646	620995	622093	14
959083	525087	525184	2
920607	409679	413052	2
959083	676061	676138	4
928731	689253	689477	1
226498	1034031	1039150	8
959083	797202	799194	10
950468	115156	116703	4
935606	245443	245830	1
716312	934109	934390	2
261950	376032	376315	3
920607	250404	252008	3
96511	973327	976853	1
716312	21988	23146	2
283843	653448	654597	2
727646	127452	128401	2
727646	522654	523537	6
252008	991386	991464	1
765652	196368	197477	0
198450	65036	68873	4
383225	61892	63567	3
716312	298928	299782	5
383225	131692	132507	2
198450	936319	936425	0
935606	335198	338304	3
96511	971595	976853	1
928731	1047310	1048453	0
935606	396214	397329	3
383225	910520	911364	0
383225	271647	271850	4
383225	547471	547526	5
283843	433771	437421	1
765652	168779	170646	0
226498	616106	617117	2
383225	1034396	1039150	3
905208	920439	920607	0
928731	36649	40539	2
959083	348810	349547	1
96511	709319	712247	1
96511	58340	58730	1
252008	18912	23146	1
928731	910380	911364	4
96511	301679	304639	0
332598	221061	221072	0
261950	632156	633398	1
727646	392241	394309	5
905208	985592	989899	3
950468	760117	762251	6
920607	627614	630942	3
920607	1028565	1029343	1
950468	886718	889666	4
905208	434879	437421	3
920607	755115	762251	4
216578	789245	790293	2
727646	158522	158919	2
950468	229065	229784	0
928731	703453	706307	2
283843	147447	149423	5
283843	708219	712247	3
765652	553981	555642	2
920607	647259	647753	3
283843	180370	180469	5
935606	228338	228625	0
959083	625460	625555	8
261950	851902	852003	1
905208	336929	338304	1
96511	956419	957165	0
261950	275602	277634	0
905208	956617	957165	0
950468	719050	719330	3
283843	970562	976853	4
283843	575385	578227	0
716312	518205	519666	2
716312	320284	323492	9
332598	189083	193821	5
226498	54402	58031	9
905208	459333	461652	0
928731	482771	483867	2
716312	668431	669267	6
283843	927070	927250	3
928731	1045961	1048453	0
383225	751062	751979	0
332598	850080	851350	0
935606	782214	783276	6
905208	766494	767879	2
216578	864412	865765	3
716312	869372	872105	1
383225	933253	934390	1
727646	557003	557799	11
283843	707232	712247	4
216578	790605	791269	2
920607	888091	889666	7
727646	206640	207609	9
96511	849219	851350	0
216578	115320	116703	3
332598	513503	516056	2
716312	612084	614437	2
