fromId	keyId	targetId	timeout
424541	525757	526807	0
825770	292869	293288	1
51185	5556	6426	3
563176	723049	723648	0
431308	643178	643586	0
873920	978526	979430	0
550147	859568	860219	1
431308	1014839	1015557	0
15228	417459	418391	0
563176	584610	584836	0
873920	1017952	1018364	1
133308	90033	90370	2
133308	1031657	1032148	0
431308	1029446	1029789	0
133308	799368	802003	0
424541	195286	195934	0
424541	917836	919539	2
825770	93399	94002	0
949586	776715	778081	0
437924	617022	617117	2
873920	416375	417194	0
825770	238239	238986	1
1015557	701828	702175	0
15228	747696	750208	1
1015557	1023406	1023440	0
563176	870270	872105	2
868630	536898	538118	0
1015557	633304	633398	0
15228	1016320	1018364	2
949586	899135	899578	1
825770	1037952	1039150	0
563176	864667	865765	2
410762	699741	700300	0
550147	549582	549972	0
431308	566952	571195	1
133308	258597	258968	1
51185	1024083	1025369	3
873920	30997	31961	1
825770	430673	431308	0
873920	964665	966144	0
873920	642030	643586	1
1015557	1043404	1043581	0
550147	708820	711452	0
83976	783849	785342	0
431308	29399	31961	1
563176	962949	964417	0
133308	508229	510670	1
424541	616902	617117	0
431308	26594	27129	0
410762	475184	475598	1
133308	779863	780277	0
949586	312164	313252	0
51185	697434	700300	0
424541	616163	617117	0
431308	301482	304639	1
550147	399194	399305	0
15228	489004	492068	0
133308	788965	790293	0
15228	61525	63452	0
873920	506080	506330	0
51185	516668	519666	1
424541	655870	657215	0
825770	24048	24233	0
83976	223913	225618	2
133308	917218	917619	2
868630	845993	851350	1
15228	897300	897487	2
825770	323098	323492	0
424541	328923	329327	0
550147	312644	313252	0
431308	640053	640199	0
51185	617139	617867	0
949586	260442	261410	1
550147	439279	439346	0
83976	223137	225618	2
410762	265485	266071	1
825770	220134	221072	0
949586	19309	24233	2
15228	341058	341916	1
15228	888847	889666	2
51185	298387	299782	0
133308	353179	353698	0
51185	240727	241047	0
51185	648486	648696	0
1015557	264573	265451	0
873920	11095	13330	1
563176	533705	533778	0
563176	679257	682121	1
437924	317962	319165	0
133308	41503	41679	2
550147	617283	617867	0
949586	856537	856857	0
437924	1018440	1019868	0
83976	448480	448841	0
51185	89653	90370	1
15228	820737	821616	2
437924	71766	73035	0
873920	672863	673373	1
133308	779360	780277	0
868630	447275	448841	0
1015557	581628	583792	0
83976	865850	866689	0
437924	13597	15228	0
825770	361477	363419	1
707032	119112	119730	0
410762	862108	862978	1
825770	305892	306076	0
431308	843426	851350	2
410762	953520	954834	0
437924	853519	853530	0
410762	602023	607571	0
868630	33701	34514	3
563176	495089	495341	0
563176	397896	399305	0
1015557	529267	531327	0
133308	362040	363419	0
51185	324594	326335	0
1015557	141161	142046	0
83976	808387	810428	0
424541	529490	531327	0
1015557	301264	304639	0
83976	386124	387499	0
563176	138337	138649	0
868630	122938	123198	1
873920	886764	889666	0
424541	253398	254307	0
424541	637613	638842	0
437924	981570	984060	1
83976	842971	851350	2
707032	898976	899578	1
133308	448275	448841	0
825770	936418	936425	0
424541	171005	171644	0
410762	889258	889666	1
550147	165585	166042	0
410762	36644	38145	3
825770	703903	706307	1
825770	728552	728810	1
873920	168699	170646	0
1015557	585279	586117	0
410762	467563	470575	1
550147	173421	175354	0
550147	646391	646610	0
873920	213965	215323	1
550147	365483	365538	0
1015557	681486	682121	1
873920	48032	48391	1
550147	285116	285454	3
51185	139417	140443	0
707032	629142	629887	2
873920	801924	802003	4
431308	325757	326335	0
83976	411600	413052	0
437924	738461	739081	1
83976	591138	591324	1
83976	65659	67471	1
83976	158743	158919	0
133308	849328	851350	1
431308	980962	984060	1
563176	321667	322260	0
410762	785394	785971	0
437924	202701	202941	0
1015557	409716	410762	1
873920	548944	549972	1
873920	564170	571195	1
133308	445773	445869	0
424541	537978	538118	0
431308	1013429	1015557	0
707032	428478	429707	0
83976	819573	820284	0
563176	336884	337304	0
83976	206780	207609	0
410762	526839	527493	0
431308	493329	495042	0
15228	637959	638842	0
51185	65682	67471	0
424541	828166	828258	0
563176	933123	933667	0
825770	25323	27129	0
51185	596975	598015	0
437924	1011919	1012464	0
550147	1006370	1009650	0
83976	630655	630770	0
707032	448377	448841	0
825770	602011	607571	3
431308	1026878	1028002	0
707032	643489	643586	1
431308	232938	237647	0
825770	1028067	1029343	0
825770	652482	653103	2
949586	764845	765652	0
550147	228153	228625	1
550147	504224	505515	0
949586	4174	4563	0
83976	64468	64478	1
550147	30428	31961	0
410762	1021469	1023379	0
