fromId	keyId	targetId	timeout
811796	530637	531327	0
615247	962139	964417	1
135601	33640	34514	0
370239	547901	548225	0
198943	320487	322260	0
615247	363682	365538	1
931681	821723	823465	1
931681	356750	359864	0
135601	1034050	1039150	1
811796	1027622	1028002	0
865765	919190	919539	1
404091	383743	383969	1
924455	813622	815460	0
811796	904932	905208	0
924455	693199	694184	1
198943	191590	192665	0
615247	646189	646291	0
719558	937067	937245	0
924455	1001051	1001727	0
135601	228000	228625	2
198943	545841	546016	1
924455	821054	821616	0
615247	125437	126237	2
615247	370756	371634	1
615247	975473	976853	1
946242	756509	757484	2
665442	447644	448841	0
404091	800716	802003	0
562262	717040	719330	0
931681	279954	280260	0
487557	190969	191401	0
404091	494577	495042	0
487557	81626	83034	2
946242	703809	706307	0
719558	411574	413052	0
719558	677390	679061	2
946242	230471	231449	1
615247	434352	435554	1
946242	436646	437421	0
1018364	116657	117075	1
924455	542412	545298	1
142638	731460	732039	2
562262	245361	245695	0
198943	496108	498420	1
811796	573963	578227	1
924455	31961	31961	0
135601	115189	117075	1
865765	463258	464043	0
1018364	448493	448841	0
487557	293372	293470	1
142638	53762	54609	1
719558	983888	984060	4
719558	827685	828258	0
562262	610371	610387	0
404091	757780	761194	1
924455	473798	474019	0
198943	777509	778081	0
615247	1019964	1020133	0
665442	294080	294083	0
924455	270320	271850	2
562262	156648	157920	1
865765	380065	381101	0
487557	13282	13330	0
135601	1001124	1001727	0
946242	702103	702175	0
811796	493174	495042	0
404091	1009237	1009650	0
1018364	432093	432312	0
198943	778960	780277	0
198943	672047	673373	0
135601	403798	404091	0
142638	327203	327710	0
487557	168252	170646	2
562262	539850	542285	0
1018364	325487	326335	0
404091	776404	778081	0
135601	948764	949586	0
562262	746959	750208	1
135601	718371	719330	0
665442	1014328	1015557	2
811796	716324	719330	0
562262	904129	905208	0
924455	1036706	1039150	0
404091	581885	583792	0
924455	116437	117075	1
1018364	660907	662550	0
946242	197966	198450	0
370239	1040812	1042530	0
811796	152348	152478	0
946242	811185	811796	0
946242	242095	242213	0
135601	347831	348855	0
142638	1041763	1042530	1
946242	598968	607571	0
562262	985098	985974	0
562262	866069	866689	2
924455	133897	134778	0
142638	805489	806794	2
404091	802318	804403	0
1018364	499696	502601	0
487557	1024518	1025369	0
931681	1020525	1020859	0
811796	272961	273352	4
142638	58168	58730	1
1018364	790499	791269	0
931681	59311	60418	0
135601	987352	989899	0
615247	871282	872105	3
1018364	88128	89563	0
135601	410650	410762	0
811796	732079	732869	0
198943	1003349	1003913	0
1018364	1044216	1044951	3
615247	242252	243146	6
404091	973488	976853	1
562262	629913	630770	0
665442	422278	424541	0
562262	349037	349547	0
615247	869525	869761	3
811796	898590	899578	1
946242	526167	526807	0
665442	486998	487557	0
487557	460154	461652	1
404091	59112	60418	0
370239	54945	55604	0
719558	927504	927906	0
562262	55838	57763	0
1018364	944197	944266	0
487557	1008863	1009650	1
946242	864636	865765	0
811796	622690	624773	0
924455	247117	248234	2
865765	830034	830743	2
1018364	173423	175354	0
931681	716508	719330	0
931681	450045	450080	0
924455	884002	885022	0
615247	493324	495042	1
719558	178596	179957	1
924455	926293	926567	0
562262	327725	328277	0
370239	361604	363419	2
135601	608071	608892	0
370239	682326	682424	0
487557	575374	578227	1
404091	1016298	1018364	1
135601	975321	976853	0
931681	846091	851350	1
665442	559697	559848	0
142638	723083	723648	2
931681	815641	816250	0
135601	563584	571195	2
719558	18773	24233	4
1018364	370255	370308	0
665442	692510	693176	0
404091	62046	63452	0
370239	555811	556214	0
142638	744681	744681	2
135601	484556	484818	0
1018364	102334	104652	0
946242	144073	145254	1
719558	171755	172078	1
924455	111261	111713	0
198943	698490	700300	0
811796	272384	273352	4
924455	1013637	1015557	0
135601	804524	806794	4
946242	236482	237647	0
811796	133455	133668	0
615247	970151	970485	1
931681	976834	976853	0
615247	603268	607571	1
404091	202841	202941	1
1018364	281438	281657	2
198943	490354	492068	0
198943	455697	455820	0
487557	229753	229784	1
924455	887653	889666	0
198943	337816	338304	0
135601	735673	737744	0
142638	630869	630942	0
946242	497080	498420	1
865765	37601	38145	3
1018364	481260	481797	0
946242	362724	363419	0
811796	428461	429707	0
1018364	98709	99099	0
404091	753173	753387	0
404091	289708	290401	1
865765	318168	319165	0
719558	232766	237647	0
665442	248864	249946	0
487557	978234	979430	0
135601	250713	252008	2
924455	881578	882152	0
135601	959610	960974	1
931681	189023	191401	0
