fromId	keyId	targetId	timeout
377243	2861	3041	1
409541	25867	27453	8
917619	224775	225378	10
77136	117544	117730	0
917619	1989	3041	5
917619	694089	694184	8
477345	751462	751979	3
533395	874167	874911	4
377243	1047938	3041	3
409541	643379	643586	2
667260	379910	379940	5
77136	887751	892206	10
477345	26678	27453	8
643586	443177	445869	12
667260	452971	455336	3
77136	659625	662550	1
409541	79917	81597	11
917619	652581	654959	7
477345	876466	877936	4
477345	243795	244247	16
477345	832029	832532	3
77136	220199	221165	3
377243	906621	907033	0
477345	164507	168361	25
553941	584981	589154	2
77136	703103	703408	6
409541	519986	522408	2
643586	156221	157920	13
77136	694743	695538	5
77136	316769	319165	4
377243	842814	851350	2
538177	651453	652401	2
643586	855461	856857	8
553941	841580	851350	3
477345	681455	682424	4
77136	103405	106939	15
643586	902564	905208	14
77136	16588	16911	7
643586	12935	16911	7
917619	49464	50882	0
377243	230113	230416	8
667260	429085	431308	4
533395	790599	791933	22
553941	725410	727646	8
77136	961302	966144	25
477345	366312	367336	6
409541	418703	420469	0
377243	337380	338304	18
377243	846774	851350	1
77136	355097	359864	8
538177	249670	249946	4
643586	39061	39534	3
477345	449620	450080	5
553941	498195	498420	1
917619	540220	553941	27
553941	908413	910106	8
377243	867687	872105	3
533395	709698	711452	7
538177	604937	607571	1
643586	56280	58031	4
533395	455552	457146	2
553941	562791	563209	1
477345	634689	634784	6
643586	472959	473237	5
643586	346994	349547	11
553941	14401	16911	3
553941	851810	851872	0
667260	542166	553941	35
409541	432047	432312	0
917619	567879	570375	5
77136	276083	277634	2
77136	884664	892206	19
538177	603990	607571	1
409541	991144	991799	5
667260	515007	519666	7
77136	310238	313252	5
553941	999741	1002967	5
409541	201273	201347	8
409541	217716	221165	11
477345	673651	676138	2
377243	538955	539124	3
553941	790219	790320	5
409541	177206	177600	4
667260	456442	457146	3
553941	283628	285454	10
667260	552902	553941	16
643586	997895	1002967	8
77136	70256	76091	10
643586	1015635	1016214	2
538177	906956	907033	8
917619	879421	892206	26
538177	796251	798431	25
538177	251346	255421	9
643586	140621	142276	10
553941	963146	966144	25
377243	112555	114607	5
643586	350873	353698	13
917619	1485	3041	5
377243	777250	778081	0
533395	820766	821616	0
917619	196937	197817	9
409541	698032	700300	1
77136	858336	860321	8
533395	127770	131196	3
377243	532332	532626	1
538177	960207	966144	26
643586	344631	345676	10
477345	37545	38145	8
533395	703821	707032	8
667260	1033869	1040759	4
533395	537194	538177	1
377243	245347	245695	9
667260	56786	58031	5
917619	384114	385773	4
77136	218416	221165	4
538177	883703	892206	16
377243	386799	388598	2
553941	369079	372033	5
553941	515554	519666	4
409541	301582	306706	7
917619	979321	979430	0
667260	231776	237647	15
643586	225336	225378	12
409541	487223	492068	1
533395	847476	851350	1
477345	970744	973996	4
667260	798180	798431	5
553941	12129	16911	5
917619	1011770	1012464	1
77136	96744	99099	14
477345	586382	589154	2
409541	379789	379940	8
477345	460719	465452	7
409541	895938	896184	3
538177	1022439	1023379	1
643586	889939	892206	15
667260	223160	225378	17
553941	204692	207609	8
477345	940534	944455	6
377243	56398	58031	3
77136	764383	765652	17
917619	610287	614437	11
553941	561238	561988	0
377243	976658	976853	0
917619	654930	654959	5
533395	643717	646173	2
409541	356302	359864	9
533395	165904	168361	11
377243	313060	313252	14
643586	763057	765652	0
538177	277276	277634	4
533395	218080	221165	3
538177	587883	589154	2
538177	284532	285454	7
409541	808830	810848	2
533395	657983	658390	1
77136	356808	359864	7
377243	601615	607571	0
643586	269374	269522	12
77136	614653	615247	0
643586	566752	570375	22
533395	646784	648336	4
77136	242382	244247	4
409541	1698	3041	6
643586	607588	607909	4
538177	971078	973996	0
643586	188530	193821	12
409541	605778	607571	2
538177	538543	539124	1
917619	763416	765652	15
77136	598420	607571	6
917619	391744	401960	9
477345	464541	465452	5
538177	689826	691286	5
538177	750357	751979	15
477345	164259	168361	25
553941	5269	7207	3
643586	372808	374625	11
377243	317817	319165	14
377243	1019974	1020859	1
667260	383329	385773	6
917619	736334	739081	10
917619	121002	123198	1
553941	723630	723648	7
77136	597990	598015	6
553941	170063	170646	7
643586	1019987	1020859	3
553941	921440	921851	1
77136	502761	503721	5
538177	766637	767879	18
553941	284509	285454	9
377243	674541	676138	6
917619	698584	700300	8
667260	313570	314036	3
553941	273456	274989	9
477345	3019	3041	7
553941	498221	498420	1
