fromId	keyId	targetId	timeout
245830	367101	367336	2
578665	27797	28048	0
186016	1007698	1009650	3
406102	949380	949659	1
215323	818449	820284	4
215323	281995	283843	3
215323	736159	737744	2
406102	733756	737744	0
227022	263142	263199	0
245830	254319	254520	0
315367	843548	844119	0
406102	968923	970485	1
245830	647879	648336	0
186016	553018	553941	1
237696	512467	512923	0
237696	1040408	1042530	2
186016	622802	624980	1
237696	881094	882152	3
227022	724975	727116	4
578665	288881	290401	5
245830	19164	23146	2
186016	1013161	1018364	6
1039150	921428	921851	3
182109	50522	50882	3
237696	354231	354873	0
960974	274358	274989	2
182109	783516	785386	1
237696	1037754	1039150	1
237696	134740	135423	2
215323	589040	589565	1
1039150	963073	966144	4
245830	191573	193821	7
1039150	190708	193821	3
245830	14448	15228	1
913882	494517	495042	0
182109	276626	277634	0
406102	609272	609544	3
768405	297120	299782	1
960974	844781	851350	5
186016	805772	807477	3
227022	789275	790293	2
237696	682187	682424	0
237696	694629	695538	1
1039150	1002869	1002967	3
768405	116651	116703	0
1039150	995401	995491	3
182109	721467	722433	0
960974	637501	638842	1
960974	267200	267886	2
227022	108682	110457	1
768405	315913	316427	0
913882	944414	946242	3
315367	649169	650149	0
913882	387175	387499	0
406102	911036	911364	0
186016	316072	316427	1
578665	679114	680935	1
227022	683441	683826	4
1039150	961610	961734	3
406102	116599	116703	0
245830	997597	1000187	1
227022	482841	483867	1
406102	937168	937245	0
768405	293699	293817	0
578665	550251	551130	2
215323	345636	346588	2
227022	209437	210869	1
227022	954248	954834	1
578665	142764	145254	4
768405	262357	263199	2
768405	833014	833608	4
237696	467123	467177	1
406102	948762	949659	1
237696	291783	292738	0
913882	754687	754708	0
245830	442384	442735	1
578665	98078	99099	2
186016	125866	128401	6
245830	411373	413052	3
237696	291837	292738	0
578665	862496	862978	0
960974	299653	299782	0
182109	997235	1000187	3
186016	947527	947682	2
315367	220787	221072	3
245830	773985	774028	0
913882	790334	791269	3
1039150	892303	893659	4
186016	933194	934390	8
913882	512523	512923	0
913882	601901	607909	1
768405	1017811	1018364	0
215323	346720	349547	1
237696	150742	152478	1
237696	736539	737744	0
960974	310866	312091	3
315367	362586	365538	3
960974	608580	609544	6
1039150	84280	85128	3
406102	215653	216445	0
578665	652585	653103	0
960974	672044	673373	1
1039150	716970	719330	6
578665	483940	492068	5
960974	917870	920026	4
960974	323875	323986	3
578665	936486	937245	5
960974	519848	520011	1
182109	462608	464043	0
227022	427659	429707	2
245830	242935	243146	2
960974	505971	505997	0
182109	785850	786315	2
227022	344312	346588	1
1039150	48269	48391	1
227022	51987	58031	11
578665	452414	455336	3
227022	607392	607909	3
1039150	914414	915149	4
237696	244407	244745	1
768405	1006597	1009650	0
578665	966976	970485	1
227022	643402	643586	3
315367	760015	762251	4
913882	590554	591557	1
315367	10210	13330	2
245830	262998	263199	1
315367	555736	556214	0
960974	171974	172078	0
913882	192347	193821	6
215323	1021665	1023379	8
578665	36735	40539	2
227022	503874	504141	0
227022	687671	689477	4
186016	142049	142276	6
315367	492163	492527	0
227022	556657	557799	1
237696	582496	583792	1
237696	781022	782147	1
913882	295233	296126	0
406102	345599	346588	1
237696	851344	851350	5
215323	650934	652401	0
215323	928069	928731	5
406102	247659	248234	0
237696	99944	102123	3
227022	927403	927983	1
186016	1024763	1025369	3
182109	516126	517644	0
227022	620945	622093	2
227022	1039066	1039150	7
960974	583631	583792	2
227022	967277	970485	2
1039150	609588	609989	2
960974	920227	920607	3
245830	313228	314036	1
1039150	944802	946242	5
215323	729408	737744	5
768405	651865	652401	2
578665	806895	807477	1
215323	276562	277634	0
1039150	885746	889666	6
1039150	715687	716312	7
227022	440076	440160	1
245830	481314	481797	1
215323	142187	142276	4
227022	548777	549972	0
245830	433381	437421	2
186016	657948	658390	4
406102	696986	700385	1
913882	542331	545171	0
406102	217684	218544	0
315367	971628	976853	1
768405	930465	931681	0
245830	133473	133668	1
237696	169228	170646	1
237696	951153	952167	2
578665	139069	142046	5
578665	671600	671638	0
182109	685762	689477	0
578665	195153	195934	9
182109	306467	306790	2
1039150	961908	966144	4
406102	360097	365538	4
913882	568857	571195	4
315367	97193	99099	5
245830	694188	695538	1
578665	888955	889666	0
913882	209622	210869	0
227022	984987	989899	6
182109	891383	892206	0
913882	339729	340970	0
1039150	125539	128401	1
913882	894776	896278	2
1039150	485462	492068	3
960974	202440	202941	3
315367	461129	461652	0
