fromId	keyId	targetId	timeout
722433	456738	457146	0
63567	818082	820284	7
834834	6916	7207	0
402582	841070	844119	0
796204	1001919	1002268	1
260029	409155	409236	1
853903	81136	81421	13
853903	319770	319775	4
796204	623573	624980	4
212676	60361	60418	3
505742	681854	682121	0
68873	466709	467177	1
402582	505201	505596	1
402582	260150	260422	1
212676	98647	99099	0
853903	567719	571195	8
816935	874090	875647	1
402582	589094	589565	4
834834	1019646	1020133	1
402582	969493	970485	1
260029	546033	546905	3
260029	456892	457146	1
63567	937869	942126	3
212676	555110	555642	1
834834	932354	934390	1
816935	479448	479954	0
63567	782624	783276	11
63567	534687	535002	1
260029	127797	128401	12
796204	638514	638842	3
212676	255932	256243	1
402582	806632	807477	1
68873	100325	102123	2
816935	308552	308939	0
816935	228247	228625	0
212676	109771	110457	4
260029	732646	737744	10
834834	867382	868630	0
834834	568451	571195	1
68873	993588	994191	0
63567	878243	880778	2
796204	440945	441627	1
853903	126695	128401	3
507747	239728	241047	0
260029	38159	40539	8
260029	1047994	1048453	8
402582	802658	804403	0
260029	208584	209004	10
68873	989434	989899	1
816935	132877	133308	1
853903	764192	765652	2
853903	992437	994191	3
402582	737330	737744	4
260029	719299	719330	8
402582	302411	304639	0
834834	233759	237647	0
816935	540759	542285	0
834834	970092	970485	0
212676	315687	316427	3
212676	1018280	1018364	0
260029	211678	212676	10
816935	59016	60418	0
834834	608206	609544	1
260029	147882	149423	10
853903	635263	636019	1
505742	728358	728810	0
68873	326973	327710	2
402582	117586	117898	3
260029	43056	45960	7
402582	21926	23146	2
834834	489759	492068	0
853903	32158	32521	2
68873	408294	408499	2
722433	165492	166042	5
853903	563687	571195	8
834834	474688	474961	0
796204	990031	991464	5
402582	246818	247089	0
68873	67214	68873	3
63567	729527	737744	11
853903	333858	334574	0
816935	960300	960789	2
402582	820304	821616	0
212676	440171	440419	4
212676	96450	96511	0
402582	570154	571195	1
68873	630872	630942	1
402582	439861	440160	1
260029	560315	561988	4
68873	997139	1000187	0
63567	961752	966144	2
212676	535827	538118	0
505742	92759	94002	2
212676	146191	149423	0
834834	952996	953197	0
816935	243743	244119	0
68873	788452	788853	2
505742	451426	455336	2
212676	776975	778081	0
505742	931676	931681	0
722433	458755	461652	0
816935	153295	153570	1
722433	995605	996198	6
212676	161490	162563	0
507747	350484	352613	2
834834	407856	408160	0
722433	481373	481797	0
507747	465808	467177	1
505742	900317	905208	0
63567	523965	525184	1
796204	103427	104652	3
816935	856332	856857	0
722433	656272	657225	4
212676	492078	492527	0
816935	1013668	1018364	11
505742	11596	13330	0
402582	492070	492527	0
722433	587658	589565	1
63567	413477	414608	6
796204	272649	273352	3
834834	264724	265451	0
507747	835150	835390	0
505742	8363	9550	0
505742	814437	815460	0
260029	410655	413052	3
505742	201511	202941	1
63567	151723	152478	2
260029	713740	716312	10
63567	15064	15228	2
505742	44361	45960	0
260029	312379	314036	1
505742	986891	989899	0
63567	592507	596578	4
796204	264155	264473	3
834834	654000	654597	0
722433	614842	615247	0
260029	446964	448841	1
402582	420576	420795	0
796204	500293	502601	1
796204	679570	680935	0
505742	848666	851350	0
853903	92968	94002	11
722433	870388	872105	0
505742	170100	170646	0
722433	758112	762251	4
68873	597011	598177	1
816935	816918	816935	0
796204	498498	499381	1
212676	727378	727646	1
722433	236356	237647	1
507747	825611	827146	5
68873	386205	387499	0
68873	859622	859840	4
834834	726258	727116	4
816935	185321	186016	1
834834	174410	175354	0
816935	221300	221871	0
722433	402677	403237	0
816935	910542	911364	0
722433	264150	264473	2
68873	424084	424541	2
816935	1022663	1023379	7
505742	762130	762251	1
816935	391175	394309	2
816935	924242	924455	0
505742	858011	859840	0
212676	712535	713286	1
507747	565501	571195	1
505742	47043	48391	0
722433	130557	132507	8
212676	1026113	1026318	0
505742	877265	877936	1
63567	702690	703408	6
505742	342163	346588	1
507747	63415	63567	1
722433	171399	171644	5
796204	196409	197477	3
796204	645075	646173	1
722433	69199	70085	15
260029	727948	728027	9
853903	1000904	1001727	2
722433	760713	762251	4
834834	72553	73808	2
63567	1045841	1048453	6
507747	843000	844119	1
834834	1044158	1044272	0
68873	878004	878094	0
212676	132005	132507	1
260029	72052	73808	10
212676	118318	118661	0
853903	82025	83034	9
816935	270974	271014	0
260029	365816	366918	0
212676	862002	862978	0
68873	314918	315068	2
505742	796424	799194	2
722433	678015	680935	3
