fromId	keyId	targetId	timeout
825407	50749	50882	0
818271	199666	201347	16
818271	1028107	1030193	4
1005439	703621	707032	1
771689	74635	76091	12
730571	530638	531849	2
995910	812790	815460	28
995910	464337	465452	0
682424	107232	110457	0
771689	364039	365538	15
495042	391408	401960	16
682424	610515	614437	4
995910	856263	856857	30
730571	809758	810848	2
771016	294590	296126	12
495042	250718	255421	13
730571	662486	662550	1
995910	1040496	1040759	2
995910	353091	353698	0
1005439	772084	772294	1
457342	31241	31961	0
730571	125712	131196	7
457342	971756	973996	1
730571	258538	258798	4
682424	41128	43174	1
1005439	523730	523935	2
730571	770405	771016	0
1005439	178233	182521	9
771689	748681	749409	0
791933	457378	458000	5
771689	212508	213739	11
825407	178882	182521	5
825407	337561	338304	11
791933	570586	571279	12
995910	129648	131196	10
682424	964649	966144	15
818271	484201	492068	7
495042	965252	966144	28
646173	245249	245695	3
646173	978508	979430	0
771689	745092	745115	0
457342	379268	379940	20
995910	155633	157920	11
771689	825575	825770	1
646173	896858	899487	15
791933	505841	505997	6
771689	700763	703408	2
771016	410119	410762	6
646173	690067	691286	2
1005439	976740	976853	6
1005439	629638	630770	1
682424	666715	667260	6
771689	685814	691286	4
495042	544321	553941	18
495042	156170	157920	6
995910	908131	908372	13
771016	753694	762251	6
791933	780855	782147	7
818271	939130	944455	4
825407	452057	455336	11
682424	468804	470575	1
818271	355634	359864	5
1005439	163361	163718	1
730571	513392	513972	0
495042	81341	81597	8
995910	535538	538177	2
457342	208111	210869	4
771016	858615	860321	3
646173	329729	332157	11
818271	577263	578227	6
646173	870337	872105	8
646173	945932	946150	2
457342	789855	790320	1
646173	869565	872105	9
791933	252517	255421	11
818271	843169	851350	5
825407	833643	835390	2
791933	58463	58730	3
818271	16818	16911	2
771016	883244	892206	7
730571	577320	578227	1
818271	712741	713589	6
818271	535322	538177	5
457342	616715	618091	2
495042	358317	359864	13
791933	706551	707032	15
825407	140280	140443	3
818271	614339	614437	7
495042	274437	274989	6
791933	115503	117075	7
825407	623996	624773	1
495042	92413	92829	7
495042	884188	892206	16
682424	593144	598015	3
771689	117730	117730	5
771016	340870	341078	11
457342	864247	865765	0
1005439	718543	719558	1
771016	862356	865765	3
771016	96519	99099	6
995910	653410	654959	5
682424	6764	7207	6
995910	829527	832532	29
646173	327791	332157	14
495042	29720	31961	5
495042	719248	719558	5
1005439	469896	470575	4
995910	156846	157920	11
771689	790196	790320	2
791933	764401	765652	7
771689	812610	815460	0
646173	1018868	1020859	2
457342	314269	315367	10
825407	177402	177600	0
771016	614046	614437	5
995910	442456	442735	1
995910	118829	120046	14
682424	515402	519666	5
730571	649830	652401	3
730571	219888	221165	1
771689	454030	455336	0
995910	353366	353698	0
771016	343750	345676	10
495042	448549	448841	13
825407	294869	296126	3
791933	59920	61121	4
730571	480205	480277	0
771689	98746	99099	5
1005439	363494	365538	20
730571	601393	607571	2
646173	293331	293470	3
771689	733442	739081	3
682424	228026	228625	0
646173	1472	3041	0
995910	158616	158919	11
771016	650823	652401	2
682424	157569	157920	4
730571	944626	944860	5
1005439	509760	510670	0
818271	215754	216883	16
771016	591268	591324	2
1005439	906213	907033	9
771689	459836	465452	2
818271	975921	976853	3
825407	275480	277634	3
646173	553005	553941	9
682424	785291	785342	1
682424	640960	641666	5
682424	277674	281657	3
791933	1030939	1032148	3
995910	598034	598177	8
771016	159949	162563	13
771689	113972	114607	5
995910	361158	365538	2
682424	77809	81597	3
730571	294037	294083	2
495042	789825	790320	6
1005439	477809	480277	5
825407	26779	27453	2
457342	323933	332157	13
995910	326540	332157	8
818271	322435	322963	2
730571	40185	40539	2
682424	220190	221165	6
1005439	492998	495042	0
495042	439465	441627	14
791933	480748	481797	5
1005439	534572	538177	5
495042	580352	583792	1
818271	499417	502601	1
995910	1034907	1040759	6
771016	669392	670082	2
1005439	882080	892206	20
1005439	20479	23146	2
791933	58587	58730	3
730571	980007	983382	7
771016	515704	519666	4
682424	769426	771016	0
771689	321268	322260	0
771016	436524	437421	5
995910	207260	207609	8
791933	688479	691286	15
771016	794627	796204	3
646173	812608	815460	4
682424	516600	519666	3
682424	5933	7207	6
646173	917069	917216	0
495042	953378	954834	13
730571	1029154	1030193	9
995910	893834	896184	15
818271	358650	359864	4
495042	323882	332157	23
825407	76086	76091	7
682424	880002	892206	21
818271	758809	762251	20
818271	618135	624773	9
1005439	908151	908372	9
