fromId	keyId	targetId	timeout
840560	769681	771016	0
840560	833384	833608	0
131196	598353	598405	0
591862	408268	408499	0
694184	518142	519666	0
475598	701365	702175	0
260422	524876	525184	0
417194	247005	247089	1
744681	828236	828258	0
744681	265108	265451	0
439346	830274	830743	0
744681	395298	397329	0
984545	709038	711452	0
378313	115242	117075	2
131196	820719	821616	0
475598	510703	512353	0
591862	703016	703408	0
131196	818055	818271	0
172078	216770	216883	0
694184	101761	101892	0
131196	355411	356213	0
417194	444223	445869	0
172078	838833	839000	1
439346	156684	157920	0
502601	959855	960974	1
591862	580580	581096	2
475598	742689	742859	0
502601	728382	728810	0
475598	32942	33249	3
563209	114258	114607	0
172078	94708	94902	0
378313	147576	149423	0
515586	403696	404091	0
131196	917675	919539	2
172078	410003	410762	0
260422	948220	949586	0
744681	650940	652401	0
795326	827606	828258	0
172078	850593	851350	0
131196	466932	467177	0
502601	422033	422102	0
439346	298645	299782	0
172078	747447	750208	1
475598	17654	24233	4
984545	463045	464043	0
563209	120032	120046	0
378313	249397	249946	0
563209	421215	422017	0
378313	839529	839684	0
260422	217652	218544	1
840560	98554	99099	0
439346	852011	852858	0
417194	953379	954834	0
474019	857454	860219	1
795326	1048373	1048453	0
694184	30070	31961	0
378313	554216	555320	2
984545	516407	519666	1
260422	399285	399305	0
984545	951119	952167	0
417194	802567	804403	2
515586	523732	523935	0
694184	668658	669267	1
563209	59077	60418	0
744681	500984	502601	0
515586	780699	782147	0
172078	939688	942126	0
475598	88800	89563	0
694184	281145	281657	2
515586	1047327	1048453	0
984545	361901	363419	0
378313	727081	727116	0
762060	383365	383969	2
840560	752245	753387	1
795326	34544	35893	1
502601	927161	927250	0
591862	609599	609989	0
474019	947246	947266	0
515586	458359	461652	0
475598	264177	264473	3
515586	534758	535002	0
378313	214817	215323	1
172078	487589	492068	0
131196	658640	658980	0
515586	137343	138649	1
840560	971358	976853	2
694184	275904	277634	2
439346	925914	926567	2
260422	854531	856857	0
131196	433583	435554	0
984545	219910	221072	1
744681	165937	166042	0
984545	735356	737744	0
417194	654103	654597	0
744681	632165	633398	0
378313	191256	191401	0
172078	60886	61121	0
515586	114929	117075	2
563209	449632	450080	0
378313	454158	455336	1
475598	864700	865765	0
563209	661500	662550	0
591862	699406	700300	0
502601	557355	557683	0
984545	704516	706307	0
502601	712644	713286	0
795326	740068	741908	0
131196	468455	470575	0
417194	425768	426107	0
439346	39961	40539	0
131196	121738	123198	1
515586	886497	889666	1
131196	365807	366918	0
378313	1017547	1018364	1
515586	1041571	1042530	0
591862	948520	949586	0
563209	158130	158919	0
744681	188678	191401	0
984545	357058	359864	0
260422	151786	152478	0
439346	531212	531327	0
840560	537027	538118	0
502601	191529	192665	1
502601	113335	113664	0
515586	923383	923615	0
795326	393279	394309	0
591862	1029867	1030193	0
131196	418540	420469	0
172078	292848	293288	1
439346	322553	322963	0
591862	27707	28048	0
563209	708454	711452	0
439346	35714	35893	0
131196	236130	237647	0
475598	148865	149423	1
744681	870782	872105	1
475598	651488	652401	0
439346	193560	193821	0
984545	910442	911364	0
417194	644770	646173	0
795326	275308	277634	0
474019	735353	737744	0
378313	792769	795326	1
417194	311985	312091	0
840560	524201	525184	0
417194	523664	523935	1
762060	829644	830743	0
502601	1037191	1039150	0
515586	625079	625158	0
474019	385631	385773	1
563209	855230	856857	1
502601	790321	791269	0
694184	814567	815460	1
439346	871775	872105	0
172078	119670	119730	0
439346	813303	815460	0
694184	903726	905208	0
439346	605773	607571	0
378313	45921	45960	0
131196	112539	113664	1
131196	473232	473349	1
172078	718167	719330	0
260422	171905	172078	0
439346	209890	210869	0
260422	642174	643586	0
474019	248678	249946	3
984545	425386	425631	0
795326	804370	804403	0
591862	59571	60418	0
762060	295087	296126	2
378313	277377	277634	0
694184	855372	856857	1
840560	453310	455336	0
260422	698176	700300	0
260422	952085	952167	2
984545	20114	24233	5
840560	368544	370171	0
795326	266389	266680	0
744681	18047	24233	2
378313	225701	225712	0
475598	1043138	1043581	2
984545	313460	314036	0
172078	332726	334574	0
984545	616853	617117	0
694184	95523	95908	0
439346	334892	337304	0
840560	66500	67471	0
474019	728525	728810	0
984545	708232	711452	0
474019	683733	683826	0
475598	350202	352020	1
694184	665725	666514	1
378313	346046	346588	0
563209	18369	24233	2
591862	36650	38145	0
694184	916421	917216	0
475598	744648	744681	0
