fromId	keyId	targetId	timeout
128401	687730	689477	0
414580	578263	578665	1
449203	206729	207609	1
643586	395410	397329	0
885144	92817	92829	1
477345	314925	315068	0
643586	754622	754708	0
402288	994423	995491	0
643586	496377	498420	1
449203	122272	123198	4
315068	741958	742311	1
414580	146913	149423	0
885144	850388	851350	1
128401	663077	664483	0
533395	452882	455336	0
315068	974340	976853	2
533395	553914	553941	0
377243	291245	292738	0
449203	55896	57763	3
53455	308948	309308	0
533395	270946	271850	1
553941	729311	730571	0
402288	553754	553941	0
53455	838738	839000	1
409541	266011	266071	1
917619	785569	785971	0
77136	897677	899578	1
128401	696167	696859	0
917619	236072	237647	0
477345	102179	104652	0
885144	139943	140443	0
885144	714012	715133	1
192665	473971	474019	0
533395	625787	627076	0
917619	184453	184483	0
414580	749117	750208	1
192665	3086	3790	2
512923	191179	191401	0
315068	506148	506330	1
553941	481867	483867	2
885144	671446	671525	1
128401	279248	279679	0
512923	92195	92257	1
512923	311190	312091	0
128401	521295	522408	1
414580	539981	542285	0
53455	624088	624773	0
192665	193739	193821	0
477345	102807	104652	0
533395	706737	707032	0
192665	990636	991464	4
643586	788420	788853	0
512923	652260	652401	0
77136	494771	495042	0
449203	584651	584836	0
377243	149088	149423	0
449203	505967	506330	1
77136	347247	348855	0
377243	106903	110457	2
512923	987608	989899	1
477345	822811	823465	0
449203	235567	237647	4
77136	305920	306076	0
414580	329874	330701	0
885144	73333	73808	1
377243	313399	314036	0
477345	248246	249946	0
414580	1000120	1000187	0
192665	85102	85128	1
512923	353223	353698	2
402288	463483	464043	0
512923	926814	926831	0
315068	967917	969501	0
533395	195340	195934	0
917619	910826	911364	0
192665	525974	526807	0
885144	482698	483867	3
77136	63025	63452	2
53455	795419	796204	1
643586	848774	851350	3
449203	47270	48391	3
885144	481617	481797	3
414580	1026273	1026318	0
128401	122430	123198	0
553941	271828	271850	2
402288	603234	607571	1
77136	136794	138649	1
553941	202384	202941	2
643586	904034	905208	1
315068	973069	976853	1
315068	451761	451797	0
77136	336595	337304	0
53455	627952	629887	0
315068	813390	815460	0
409541	635806	636019	0
192665	341598	341916	0
477345	418693	420469	0
192665	491091	492068	0
643586	769554	771016	0
128401	89057	89563	0
402288	597719	598015	1
53455	770268	771016	0
402288	464090	465452	0
315068	912443	913121	0
449203	314188	315068	1
409541	292181	292738	0
414580	170522	170646	0
414580	256468	256585	0
128401	154924	155559	0
449203	357648	359864	1
449203	304826	306076	1
449203	441457	441627	1
192665	564880	571195	1
643586	338612	339686	0
449203	848120	851350	3
409541	812175	815460	0
533395	583724	583792	2
377243	618507	622093	0
77136	320761	322260	0
449203	968627	969501	4
917619	355736	356213	0
377243	36897	38145	0
315068	300209	300709	0
449203	397894	399305	1
409541	308587	308939	0
885144	147867	149423	0
128401	668171	669267	0
414580	676734	676976	1
477345	378895	379105	0
449203	309177	309308	1
192665	991029	991464	4
377243	245355	245695	0
402288	294600	296126	0
512923	418553	420469	0
533395	294907	296126	0
402288	171511	171644	0
643586	517423	519666	1
128401	469855	470575	2
553941	896466	897487	0
53455	143990	145254	0
533395	296335	297772	0
414580	122324	123198	0
192665	387992	388514	0
77136	358472	359864	0
477345	218705	221072	0
533395	478008	479954	0
315068	856001	856857	0
885144	812631	815460	1
409541	909078	909414	0
643586	251867	252008	0
917619	664843	664877	0
128401	435954	437421	0
409541	801284	802003	0
409541	981087	984060	1
885144	309373	309817	0
533395	451921	455336	0
414580	377547	377694	1
409541	255597	255675	1
917619	590575	591324	0
477345	406792	407397	0
533395	817001	818271	0
409541	476956	477345	0
53455	785550	785971	0
414580	261147	261410	0
77136	99048	99099	0
885144	462813	464043	3
192665	512088	512353	0
402288	720571	722433	0
414580	336444	337304	0
477345	624124	624773	0
315068	878919	880570	0
409541	100279	101892	0
449203	936532	937245	1
553941	531385	531849	1
77136	88296	89563	0
128401	123689	125214	0
414580	158371	158919	0
414580	385761	385773	1
77136	758326	761194	1
643586	175341	175354	0
449203	997785	1000187	3
885144	950221	950468	1
377243	79333	81421	0
77136	361358	363419	1
533395	758932	761194	2
128401	124690	125214	0
643586	854896	856857	3
533395	191907	192665	0
553941	530583	531327	1
643586	551625	553941	0
377243	262364	263199	0
449203	827025	827146	0
643586	509005	510670	0
402288	698842	700300	1
128401	623642	624773	0
402288	671149	671293	0
192665	543484	545298	1
