fromId	keyId	targetId	timeout
345676	252949	255421	16
641666	662247	662550	0
310069	620431	624773	6
368188	481758	481797	1
822005	822742	823465	0
199265	34320	34514	2
368188	781504	782147	2
872105	815580	816250	9
27453	50731	50882	0
641666	12230	16911	6
345676	886321	892206	2
199265	598940	607571	4
368188	397133	401960	4
368188	800295	802003	2
641666	448206	448841	0
199265	7134	7207	0
199265	727063	727646	1
310069	615182	615247	4
368188	890795	892206	13
368188	416842	418391	1
27453	465407	465452	0
199265	157682	157920	0
310069	890902	892206	18
385773	92369	92829	2
368188	675488	676138	8
199265	54228	54609	0
822005	891379	892206	4
610027	187399	193821	9
27453	842760	851350	3
322963	589991	591324	6
322963	178522	182521	9
199265	225316	225378	3
822005	419113	420469	12
634784	106282	106939	16
345676	795083	796204	2
385773	64425	64515	10
345676	232201	237647	11
385773	922306	924989	2
872105	535157	538177	5
368188	133606	134778	12
822005	996202	1002967	9
641666	998126	1002967	6
872105	962971	966144	3
822005	38517	39534	0
634784	149455	149971	2
310069	88793	90093	9
322963	623920	624773	9
345676	776985	778081	0
310069	57117	58031	3
872105	230236	230416	11
199265	604626	607571	4
872105	226416	226498	11
199265	836262	838284	20
385773	258920	258968	8
872105	226815	227022	11
610027	385426	385773	1
872105	1038220	1040759	3
610027	84519	90093	17
199265	968491	969501	3
310069	769114	771016	4
634784	454842	455336	2
27453	396264	401960	7
345676	541440	553941	28
641666	467263	470575	0
322963	654021	654959	6
199265	1025906	1026318	1
822005	21380	23146	9
872105	102885	106939	9
872105	43123	43174	12
322963	266923	267886	8
345676	208904	210869	12
872105	349690	353698	15
610027	442448	442735	6
310069	539471	553941	21
310069	149152	149423	6
822005	595001	598015	8
322963	435418	437421	5
822005	1013495	1016214	11
634784	92839	93002	15
641666	48854	50882	2
634784	945924	946150	2
641666	661144	662550	0
322963	826772	828435	29
199265	41716	43174	0
872105	469480	470575	4
27453	269160	269522	0
822005	889147	892206	3
27453	640585	641666	4
634784	969590	973996	4
610027	1047241	3041	4
385773	166554	168361	14
822005	427773	431308	12
385773	157488	157920	9
322963	960217	966144	29
310069	680865	680935	9
199265	910611	912394	3
641666	322717	322963	0
27453	490151	492068	14
345676	849243	851350	1
822005	118711	120046	3
641666	564843	570375	1
641666	415005	418391	2
322963	475561	475598	0
27453	347554	349547	12
368188	711795	712247	0
872105	682093	682424	6
610027	756785	762251	5
310069	851674	851872	11
199265	491468	492068	10
385773	898456	899487	8
27453	949537	950468	16
641666	271295	271850	0
822005	1001569	1002967	11
641666	245918	248234	6
368188	315695	316427	12
322963	561327	561988	5
345676	687231	691286	4
385773	499559	502601	4
610027	569877	570375	13
199265	239872	242213	1
872105	866803	872105	18
310069	409042	409102	4
199265	485535	492068	11
385773	925644	926831	1
822005	269327	269522	3
634784	1000922	1002967	6
641666	32466	34514	4
822005	730006	730571	8
385773	339130	341078	18
199265	196017	197817	2
822005	190505	193821	6
310069	528517	528802	0
872105	772031	772294	6
322963	883147	892206	21
27453	4592	7207	3
310069	82323	83034	5
610027	376234	376922	3
822005	687471	691286	13
822005	623578	624773	8
368188	937994	944455	13
634784	753848	762251	11
345676	329253	332157	21
310069	490079	492068	5
634784	111365	111713	15
310069	616144	618091	6
872105	264949	266680	15
310069	88113	90093	9
199265	132619	133308	4
822005	233741	237647	8
199265	296724	297772	4
634784	696827	696859	3
872105	387060	388598	6
345676	105773	106939	8
634784	785421	786042	3
322963	910779	912394	13
199265	109555	110457	0
634784	732325	739081	13
322963	193664	193821	4
610027	910610	912394	1
322963	121761	123198	4
27453	882138	892206	17
641666	32455	34514	4
27453	331345	332157	2
641666	78172	81597	5
634784	688080	691286	6
199265	849161	851350	21
345676	249436	249946	12
641666	192027	193821	3
641666	672039	673538	1
822005	855833	856857	4
199265	920588	920607	2
322963	764711	765652	19
634784	1010387	1012464	5
641666	278263	281657	3
345676	251090	255421	17
368188	623988	624773	2
872105	623249	624773	8
345676	171741	173024	17
310069	24903	27453	3
199265	366750	367336	10
368188	72466	76091	18
634784	199610	199657	1
610027	542345	553941	26
322963	744146	744681	5
322963	335745	338304	1
322963	288060	290401	7
872105	589761	591324	5
27453	951848	954834	15
322963	891673	892206	13
368188	771708	772294	2
322963	1020388	1020859	2
322963	755611	762251	19
610027	820918	821616	1
641666	174423	175354	0
27453	478157	480277	4
872105	642483	643586	9
385773	12362	16911	6
