fromId	keyId	targetId	timeout
1042618	741455	742311	7
944455	857998	860321	3
230416	330597	332157	2
230416	569599	570375	2
966144	1041395	1042530	0
207609	560070	561988	14
409102	1034125	1040759	7
207609	686362	691286	6
448841	28286	31961	2
207609	221967	222181	0
966144	9277	9550	0
944455	712969	713589	9
944455	880468	892206	22
966144	577206	578227	2
230416	893893	896184	8
207609	248177	248234	1
230416	645202	646173	2
1042618	834514	835390	1
230416	731880	739081	8
409102	463544	465452	1
944455	7551	9550	6
207609	23589	24233	10
448841	144626	149423	11
448841	853857	853903	7
1042618	34668	35893	2
409102	48992	50882	0
448841	223002	225378	8
448841	877134	877936	9
966144	605242	607571	0
944455	619717	624773	2
409102	219742	221165	9
230416	798537	799194	17
944455	469383	470575	0
448841	760247	762251	2
230416	224768	225378	6
409102	340372	341078	10
448841	813109	815460	4
409102	520872	522408	2
409102	726358	727646	3
448841	639744	640199	2
409102	718782	719558	3
230416	782377	785342	13
448841	255971	256585	12
230416	244265	244616	0
944455	48412	50882	4
207609	895101	896184	13
966144	372288	374625	2
966144	428469	431308	4
944455	441036	441627	0
1042618	328608	332157	15
409102	368121	368188	7
409102	688178	691286	8
1042618	89852	90093	2
230416	436439	437421	6
966144	441892	442735	3
966144	194665	197817	16
207609	505054	505997	3
1042618	346342	346588	13
409102	658280	658390	9
1042618	75826	76091	11
944455	390435	391364	3
207609	197475	197817	11
966144	89913	90093	7
966144	760856	762251	3
207609	77644	81597	11
944455	679176	680935	4
944455	952151	954834	2
207609	39964	40539	10
1042618	292408	292738	8
966144	957199	958776	26
1042618	515246	519666	15
944455	357216	359864	4
966144	109652	110457	8
207609	888114	892206	12
409102	959783	966144	26
944455	745656	749409	8
448841	983721	984060	0
448841	849074	851350	7
966144	6864	7207	0
448841	267012	267886	8
944455	589809	591324	2
409102	918292	919539	0
230416	708996	711452	4
944455	385177	385773	3
230416	288287	290401	2
230416	895986	896184	7
230416	419722	420469	4
1042618	24408	27453	1
944455	364661	365538	4
966144	344858	345676	7
944455	226707	227022	0
966144	679728	680935	8
966144	455711	457146	1
207609	43349	48391	11
448841	306361	306706	9
1042618	383449	385773	10
1042618	924751	924989	1
1042618	561518	561988	0
448841	943157	944455	11
207609	533327	533395	1
409102	283064	285454	5
966144	770624	771016	3
944455	713066	713589	9
448841	952914	954834	23
230416	205326	207609	6
966144	805832	807477	5
944455	273783	274989	0
966144	230106	230416	9
409102	161669	162563	0
409102	179300	182521	6
448841	852456	852858	7
1042618	236956	237647	11
966144	617575	618091	5
944455	613137	614437	1
207609	745544	749409	16
1042618	839276	839684	0
966144	339767	341078	3
966144	882556	892206	26
944455	188845	193821	3
230416	901439	905208	6
1042618	298874	299782	8
230416	728649	730571	6
966144	247886	248234	10
207609	879384	892206	28
1042618	765244	765652	6
1042618	1012073	1012464	2
448841	327913	332157	17
409102	996449	1002967	3
409102	951055	954834	12
966144	184010	185445	8
966144	400297	401960	2
448841	546969	553941	16
1042618	202420	204141	7
944455	109411	110457	11
230416	407498	408160	8
966144	589775	591324	1
409102	323876	332157	14
944455	59469	61121	5
207609	485993	492068	1
409102	808047	810848	2
944455	614428	614437	1
207609	95555	99099	30
207609	224246	225378	2
207609	595497	598015	2
409102	296374	297772	4
448841	441421	441627	6
966144	541946	553941	28
230416	52105	54609	4
448841	533960	534025	4
1042618	978198	979430	2
409102	289127	290401	4
944455	995911	1002967	4
448841	939383	944455	13
207609	241562	242213	1
207609	313293	314036	2
966144	468496	470575	1
1042618	73764	76091	11
966144	111396	111713	8
966144	624489	624773	4
207609	396917	401960	9
207609	905031	905208	12
944455	550210	553941	14
230416	900874	905208	6
944455	610017	610027	1
966144	754132	762251	5
1042618	595683	598015	3
966144	679090	680935	8
448841	722012	722433	0
409102	335948	338304	11
448841	222801	222975	6
207609	104290	106939	10
409102	255944	256585	7
207609	1036861	1040759	16
230416	680075	680935	2
409102	112010	114607	2
1042618	734683	739081	9
1042618	581185	583792	0
230416	469603	470575	4
207609	1024211	1026318	12
230416	5442	7207	12
207609	88103	90093	12
1042618	876424	877936	3
409102	290273	290401	4
230416	525551	528802	9
966144	432356	437421	5
944455	31190	31961	8
207609	425383	426107	6
448841	74042	76091	10
944455	953315	954834	0
230416	197151	197817	7
409102	340595	341078	10
207609	670597	671293	2
944455	464487	465452	0
966144	908780	910106	17
944455	284607	285454	0
448841	568831	570375	13
207609	597015	598015	1
