fromId	keyId	targetId	timeout
64312	243785	244119	0
627076	37757	40539	2
210869	583183	583792	2
64312	734109	737744	8
64312	228247	228625	0
210869	726301	727116	2
742859	597018	598177	1
64312	489528	492068	1
892206	853728	853903	8
446573	15808	23146	7
320133	1048447	1048453	4
210869	338010	338304	0
446573	163277	163718	8
320133	540752	542285	1
320133	308145	308324	3
64312	837583	838284	4
177231	485195	492068	1
177231	886312	889666	2
860321	678823	680935	4
860321	248459	249946	3
860321	520033	521198	2
776398	971958	976853	1
652401	414866	415924	6
446573	712726	713286	5
76909	1035490	1039150	2
860321	690940	693182	4
76909	69240	70085	1
210869	458658	461652	1
320133	370087	370308	2
255351	872268	875647	4
64312	658733	658980	4
892206	349141	349547	0
255351	935835	935927	1
742859	503405	503721	0
320133	7518	9550	4
368460	992847	994191	3
776398	470608	472226	3
627076	720145	722433	1
810740	120700	123198	1
64312	721997	722433	7
255351	679489	680935	0
255351	40813	41679	0
446573	460481	461652	0
210869	913018	913882	1
76909	523982	525184	1
255351	41064	41679	0
821616	211746	212676	0
892206	962328	966144	1
162563	158312	158919	3
320133	881977	882152	3
652401	717464	719330	0
446573	521885	523537	1
446573	936009	936425	3
821616	420889	421167	2
320133	29313	29965	4
177231	1026256	1026318	1
810740	1042222	1042530	0
742859	792365	794879	1
821616	41461	41679	0
162563	917905	920026	2
821616	378756	378843	1
742859	259980	260029	2
368460	347943	349547	2
446573	818191	820284	5
368460	147526	149423	0
210869	156510	157920	0
446573	878695	880778	4
810740	437865	437924	1
64312	662007	662550	4
446573	321683	323492	5
255351	474956	474961	0
162563	143453	145254	5
64312	527746	527965	1
210869	539855	542285	2
652401	259654	260029	0
177231	882080	882152	1
177231	315689	316427	0
210869	76340	76909	3
210869	619912	622093	2
320133	229550	229784	3
627076	689911	690624	1
860321	27558	28048	0
627076	913878	913882	0
177231	467634	470575	0
368460	36880	40539	3
368460	371933	372033	0
64312	978539	984060	4
776398	382647	383205	4
627076	4235	4563	0
255351	861444	861931	1
446573	390925	394309	5
821616	445534	445869	1
177231	594590	596578	0
320133	3154	3908	5
255351	666627	667260	0
255351	246453	247089	1
821616	219866	221072	0
627076	597362	598177	4
210869	154694	155606	1
255351	46758	48391	0
742859	828391	828435	2
177231	434070	437421	3
210869	776816	778081	0
776398	319333	319466	4
742859	847336	851350	2
776398	530439	532626	6
776398	28839	29965	1
177231	138397	138649	2
892206	418540	420469	2
162563	581926	583792	1
742859	233711	237647	0
821616	67059	68873	3
368460	947772	949659	2
892206	878286	880778	10
64312	493236	495042	1
652401	1016965	1018364	8
177231	714486	716312	2
255351	223071	225378	2
446573	842895	844119	1
368460	578361	578665	1
652401	141429	142046	0
742859	739898	742859	4
255351	1040757	1042530	2
652401	11542	13330	4
446573	45181	45960	5
810740	630803	630942	0
627076	775037	776080	4
776398	850065	851350	0
64312	1012679	1018364	13
210869	993051	994191	5
255351	864668	865765	1
76909	286809	287175	0
162563	23969	27129	1
892206	382284	383205	0
320133	590911	591557	1
860321	592745	596578	4
821616	191508	193821	3
320133	719425	719558	2
652401	746769	749409	0
742859	469357	470575	2
177231	512344	512353	0
821616	756446	762251	8
821616	678786	680935	4
892206	292742	293288	0
255351	990083	991464	2
627076	751225	751979	2
810740	365798	366918	0
652401	774060	774208	0
368460	524592	525184	0
255351	902182	905208	1
860321	240203	241047	3
210869	904525	905208	0
177231	30343	31961	2
162563	903805	905208	0
446573	886094	889666	6
210869	52990	58031	8
210869	68452	68873	3
255351	682944	683826	0
652401	149689	149971	0
652401	343533	346588	1
368460	235511	237647	0
652401	326642	327710	0
64312	316206	316427	1
255351	720470	722433	1
177231	191961	193821	2
177231	251334	252008	0
64312	865359	865765	1
776398	467496	470575	3
892206	46459	48391	0
368460	793732	794879	1
162563	809624	810740	2
860321	681038	682121	2
860321	824720	827146	8
177231	946561	947266	4
255351	931310	931681	1
860321	194163	195934	2
627076	89753	90093	7
162563	137491	138649	3
255351	938369	942126	1
860321	98119	99099	5
627076	155966	156453	0
892206	743306	743657	7
177231	720299	722433	0
64312	945030	946242	4
652401	906731	908372	2
742859	633693	634784	0
742859	173024	173024	3
821616	498422	499381	1
776398	935937	936425	0
860321	766867	767879	6
368460	881041	882152	3
64312	363959	365538	0
255351	129729	132507	3
860321	1014621	1018364	6
652401	82670	83034	10
162563	532782	533778	3
776398	924160	924455	0
