fromId	keyId	targetId	timeout
1043581	755644	762251	8
492527	514605	519666	3
492527	717528	719558	3
77290	993009	995910	9
815460	39208	39534	3
346588	515293	519666	5
492068	839922	851350	26
815460	542927	553941	28
346588	751548	751979	3
292738	614557	615247	0
492527	257514	258030	1
910106	319362	319775	12
1043581	95169	99099	7
1043581	569570	570375	0
492527	723466	723648	2
910106	104554	106939	16
785386	474880	475598	11
492068	964929	966144	21
492068	253591	255421	4
492068	818291	818396	23
910106	934263	936425	9
785386	690851	691286	10
292738	293717	293817	0
346588	927516	928731	2
492068	415409	418391	14
1043581	840512	851350	3
77290	360690	365538	8
492527	888349	892206	7
292738	658690	662550	4
1043581	207982	210869	7
785386	5115	7207	3
346588	929127	931681	1
815460	317950	319165	0
77290	698473	700300	6
492527	830353	832532	24
492068	51751	54609	1
785386	546353	553941	21
346588	385360	385773	0
910106	874711	874911	4
77290	298768	299782	2
492527	684480	691286	4
1043581	840865	851350	2
910106	455452	457146	14
910106	390335	391364	11
346588	1014895	1016214	3
492068	764077	765652	15
492527	409807	410762	12
292738	481363	481797	0
292738	548832	553941	15
815460	387730	388598	2
346588	577500	578227	4
346588	614563	615247	7
492527	232508	237647	0
346588	164672	168361	22
1043581	652078	652401	3
292738	784293	785342	19
910106	56626	58031	7
910106	974227	976853	6
785386	784134	785342	17
292738	26803	27453	3
292738	701330	703408	8
1043581	14723	16911	1
492527	502634	503721	0
1043581	322582	322963	1
1043581	897890	899487	6
1043581	127661	131196	9
785386	9889	10639	2
492068	6933	7207	0
785386	821526	821616	0
346588	219973	221165	12
492068	541101	553941	29
492068	978951	979430	5
492068	902505	905208	7
346588	687326	691286	6
815460	843858	851350	2
492527	389109	391364	7
1043581	301164	306706	2
292738	324321	332157	10
492068	433232	437421	8
292738	348835	349547	2
492527	904711	905208	7
785386	416474	418391	10
492527	1011952	1012464	4
346588	768120	768405	5
1043581	385831	388598	7
1043581	598173	598177	2
292738	555341	557799	3
815460	591940	598015	1
785386	526873	528802	13
815460	625869	627409	4
492527	854744	856857	25
910106	60069	61121	7
910106	387019	388598	15
785386	457748	458000	9
492527	219657	221165	4
1043581	299909	299986	0
815460	626117	627409	4
1043581	424570	426107	1
292738	374933	375301	1
1043581	568618	570375	0
492527	12166	16911	3
785386	234233	237647	6
77290	97970	99099	6
815460	36026	38145	3
77290	40814	43174	8
292738	265497	266680	25
1043581	47715	48391	0
77290	679840	680935	2
492527	685774	691286	4
77290	756265	762251	17
815460	176758	176813	6
1043581	537276	538177	2
910106	996276	1002967	7
346588	705546	707032	5
492527	903947	905208	7
346588	1345	3041	3
492527	804583	807477	22
346588	481312	481797	13
292738	376664	376922	0
815460	605638	607571	0
292738	195911	197817	15
492527	636950	640199	1
492527	229	3041	2
815460	590310	591324	1
815460	942213	944455	3
785386	13581	16911	3
1043581	599616	607571	3
815460	346157	346588	1
77290	364312	365538	6
292738	258445	258798	23
292738	718838	719558	6
492527	366313	367336	7
910106	906096	907033	7
815460	694751	695538	5
492068	904704	905208	7
292738	32390	34514	2
292738	892659	896184	9
492068	320531	322260	3
785386	496144	498420	12
492068	103044	106939	2
77290	206851	207609	2
77290	681007	682424	4
346588	105165	106939	8
77290	1045429	1045821	12
492068	981954	983382	5
910106	146739	149423	9
910106	126994	131196	7
492527	365723	367336	7
910106	902327	905208	7
292738	993630	995910	4
346588	717909	719558	3
815460	424311	424541	2
785386	734190	739081	12
910106	934154	936425	9
492068	23097	23146	0
492068	801503	802003	21
292738	491898	492068	0
492527	684399	691286	4
785386	586475	589154	8
492068	581510	583792	2
492068	9105	9550	0
492527	956043	958776	9
910106	362462	365538	14
492068	36665	38145	0
910106	800305	802003	2
492068	774482	778081	19
910106	194354	197817	8
785386	962825	966144	23
292738	763290	765652	19
77290	123551	125371	1
910106	631288	633398	5
346588	179660	182521	16
910106	238664	238942	12
346588	539325	553941	21
77290	429894	431308	4
785386	800071	802003	0
785386	490286	492068	24
815460	314838	315367	1
492068	378549	379105	7
785386	384489	385773	6
492527	267281	267886	2
292738	754480	762251	20
1043581	307811	308324	1
292738	418836	420469	2
492068	632379	633398	0
492068	806679	807477	22
346588	943054	944455	4
1043581	563726	570375	0
1043581	864047	865765	0
346588	917497	917619	0
910106	277906	281657	12
492527	348472	349547	14
1043581	197717	197817	10
492068	898554	899487	8
77290	21141	23146	8
910106	594963	598015	5
77290	406754	408160	4
