fromId	keyId	targetId	timeout
356213	674964	676143	1
182521	537030	538118	0
285454	105613	106778	2
607909	842509	851350	2
182521	572698	578227	1
937784	307304	307895	0
258968	381792	383205	0
110457	782901	785342	1
1009650	200042	202941	1
157920	735766	737744	0
155559	793740	795326	4
113664	338791	339686	0
372033	306322	306706	0
110457	427117	429707	0
422017	913843	913882	0
182521	698484	700300	0
356213	223783	225618	1
919539	733923	737744	0
407397	453796	455336	0
607909	185329	185445	0
372033	793211	795326	2
607909	618642	622093	0
1009650	684516	689477	0
285454	123899	125214	2
372033	655690	657215	0
407397	801845	802003	0
422017	779132	780277	0
407397	117217	117898	1
372033	122560	123198	0
155559	144829	145254	1
117898	516680	519666	1
182521	763664	765652	0
155559	673749	676143	1
113664	325839	326335	0
356213	601474	607571	0
285454	19576	24233	2
182521	956556	957165	0
258968	652057	652401	0
155559	516403	519666	1
182521	674563	676143	1
1009650	287209	288828	3
937784	810913	811796	0
919539	43383	45960	2
1009650	432341	435554	3
356213	894712	896184	0
422017	819490	820284	0
407397	719332	719558	0
117898	884838	885022	1
157920	856853	856857	0
110457	379345	379940	0
607909	857138	860219	1
110457	778509	780277	0
182521	366681	366918	0
1009650	39997	40539	0
937784	440014	440160	0
117898	532885	533395	0
258968	40845	41679	1
155559	253130	254307	0
110457	15887	16911	0
110457	141890	142046	0
182521	456565	458000	2
285454	549769	549972	0
113664	705822	706307	0
372033	685625	689477	0
937784	358589	359864	0
157920	218407	218544	0
737744	52478	53455	3
422017	492040	492068	0
356213	231878	237647	0
356213	648871	650149	0
155559	616137	617117	0
422017	149973	150166	1
157920	122325	123198	0
182521	597521	598015	0
117898	2257	3790	1
258968	720209	722433	0
372033	188635	191401	1
356213	701768	702175	0
157920	327558	327710	0
285454	594421	596578	0
285454	610613	611271	0
919539	431767	432312	0
117898	370941	371634	0
110457	606795	607571	5
152478	181486	181588	0
110457	886994	889666	0
117898	161766	162563	0
157920	258055	258968	2
372033	725881	727116	0
1009650	934095	934390	0
1009650	750812	751979	0
356213	760330	761194	0
422017	92737	92829	2
919539	1004670	1009650	1
155559	890751	892206	2
285454	36203	38145	0
285454	259051	260029	0
117898	303870	304639	0
919539	743539	743657	0
157920	965044	966144	0
157920	906233	908372	1
737744	921972	923615	0
407397	854930	856857	0
737744	547105	547526	0
155559	781011	782147	4
1009650	391734	394309	3
356213	804464	806794	1
407397	402267	402288	0
110457	990914	991464	0
113664	502709	503721	0
157920	480616	481797	0
919539	275146	277634	0
258968	283860	285454	0
182521	916202	917216	0
117898	796101	796204	1
372033	559757	559848	0
422017	440887	441627	0
113664	675533	676143	1
372033	25265	27129	0
737744	993274	995491	1
258968	952268	953197	3
113664	293566	293817	0
372033	595040	596578	1
422017	810722	810848	1
1009650	182829	184483	0
407397	290943	292738	0
607909	937802	942126	0
356213	412635	413052	0
407397	494769	495042	0
937784	916538	917216	0
155559	172786	173024	0
258968	553037	553941	0
737744	600410	607571	0
422017	849245	851350	0
919539	656001	657215	0
607909	687400	689477	0
155559	459241	461652	0
110457	619818	622093	6
919539	641919	643586	0
919539	1022918	1023379	0
919539	741999	742311	0
422017	975899	976853	0
258968	501891	502601	1
407397	1046607	1048453	2
372033	988073	989899	0
157920	103524	104652	0
919539	807244	807477	3
919539	837034	838284	2
155559	285367	285454	1
285454	196843	197477	0
113664	753556	754708	0
737744	42420	43174	3
113664	349933	352020	0
152478	450013	450080	0
113664	387337	387499	0
356213	773407	774028	0
117898	496763	498420	1
110457	839925	840560	0
155559	939737	942126	2
737744	798988	799194	0
1009650	476224	477345	3
258968	803909	804403	1
607909	210858	210869	1
1009650	892665	893659	0
407397	174347	175354	0
407397	6545	7207	2
356213	538178	538508	0
422017	899748	905208	0
110457	443399	445869	1
157920	205739	207609	0
157920	497738	498420	0
407397	256123	256243	1
737744	993881	995491	1
155559	363862	365538	0
117898	496802	498420	1
356213	588109	589154	0
737744	467770	470575	0
258968	888520	889666	1
1009650	283887	285454	3
737744	160770	160878	0
258968	862647	862978	1
937784	741640	741908	1
110457	48942	50882	0
607909	885237	885717	0
372033	590908	591324	1
117898	719066	719330	0
285454	355743	356213	0
737744	411084	411540	0
285454	245116	245695	0
422017	932216	932232	0
110457	22180	24233	1
422017	931405	931681	0
157920	303314	304639	0
737744	303027	304639	0
737744	12437	13330	2
422017	171329	171644	0
607909	500597	502601	0
