fromId	keyId	targetId	timeout
523537	772082	772294	1
523537	411403	413052	2
323986	645336	646173	0
598177	684187	689477	0
921851	1004168	1009650	1
125214	354981	356213	1
880778	309658	309817	1
880778	406539	406544	0
523537	292548	292738	1
389728	594326	596578	0
117154	664902	665069	0
880778	254865	255351	2
389728	593455	596578	0
94002	48015	48391	1
125214	614722	615247	1
280260	514926	516056	2
94002	52007	58031	5
280260	708524	712247	2
880778	689065	689477	0
137461	310155	312091	0
280260	535303	538118	2
880778	915718	917216	0
137461	50009	50882	1
117154	505994	505997	2
921851	567352	571195	11
523537	106654	106778	6
94002	1043333	1044272	5
802003	838993	839000	0
117154	774987	776080	0
598177	367640	367995	5
94002	827135	827146	0
523537	59715	60418	3
598177	741247	742859	7
125214	637147	638842	0
802003	615954	617117	7
523537	531337	532626	2
323986	381849	383205	0
137461	168891	170646	1
921851	32911	34514	1
125214	527336	527493	0
880778	808316	810740	1
802003	222928	222975	2
137461	320708	323492	3
323986	372279	374625	0
523537	516146	517644	0
880778	262758	263199	1
125214	291811	292738	0
137461	406524	406544	0
137461	264247	264473	3
389728	1036268	1039150	9
523537	140666	142046	8
125214	729860	737744	4
598177	385184	385773	5
598177	777451	778081	5
802003	163659	163718	2
125214	592013	596578	0
117154	655302	657225	1
125214	923950	924455	1
523537	957482	958104	1
117154	889947	892206	1
921851	686905	689477	2
117154	917291	917619	0
598177	213572	215127	5
389728	180236	180469	1
323986	688024	689477	2
598177	343914	346588	6
323986	560894	561988	2
94002	132869	133308	0
389728	348342	349547	4
802003	53874	58031	8
280260	933555	934390	5
280260	310162	312091	1
523537	15392	23146	2
921851	493657	495042	3
598177	681393	682121	0
389728	581495	583792	1
137461	168093	168114	1
117154	664727	664877	0
389728	935705	935927	5
880778	895450	896278	1
117154	346616	349547	2
323986	649621	650149	0
921851	824617	827146	9
389728	799069	799194	3
137461	42685	45960	1
280260	625581	627076	0
280260	235347	237647	3
117154	905257	905962	0
523537	36842	40539	6
921851	451855	455336	4
125214	955209	957165	3
598177	1025147	1025369	0
137461	121699	123198	3
117154	79286	81421	3
523537	421644	422017	1
523537	267095	267886	0
117154	539067	542285	2
94002	654145	654597	0
598177	1942	3041	0
117154	970441	970485	0
523537	370183	370308	3
280260	883461	885022	4
921851	286489	287175	2
523537	684052	689477	0
880778	563570	571195	2
280260	381677	383205	2
880778	51928	58031	8
802003	136918	137461	2
117154	177381	177600	0
137461	741447	742859	2
117154	228443	228625	1
802003	359841	359864	5
117154	319987	320133	0
598177	330266	330701	6
323986	300388	300832	4
280260	752187	752709	0
125214	597253	598177	1
137461	330033	330701	2
280260	348351	349547	1
94002	303690	304639	0
117154	463838	464043	2
117154	47691	48391	1
598177	84785	85128	5
137461	446280	446573	3
117154	527040	527493	1
389728	93296	94002	12
921851	870213	872105	6
94002	583839	586117	3
137461	563463	571195	4
125214	328440	329327	1
921851	319158	319165	3
94002	313699	314036	0
523537	786983	786989	3
94002	288335	288828	0
117154	1008584	1009650	1
323986	438542	439346	0
117154	159979	162563	1
280260	608346	609544	1
94002	147996	149423	0
389728	22463	23146	5
117154	275272	277634	0
137461	643462	643586	3
880778	675798	676138	0
598177	616190	617117	0
94002	788207	788853	0
389728	242734	243146	1
598177	680256	680935	0
280260	538075	538118	2
280260	461047	461652	1
921851	816945	820284	3
323986	917779	920026	1
523537	494772	495042	0
389728	362344	365538	2
280260	859582	859840	1
880778	623465	624980	1
598177	1013141	1018364	6
523537	97627	99099	6
921851	157748	157920	0
137461	371456	371634	0
921851	86296	87060	0
117154	416008	417194	5
389728	823208	823465	4
802003	111950	112529	6
323986	580020	581096	1
802003	368802	370308	9
125214	628863	630942	2
125214	181645	182109	0
880778	661495	662550	0
117154	565319	571195	2
523537	315848	316427	1
802003	472028	472226	5
137461	548405	549972	3
880778	88851	90093	2
921851	142610	142638	0
598177	725467	727116	3
921851	316979	319165	3
125214	885334	885717	0
523537	644291	646173	2
523537	223188	225378	4
94002	142802	145254	1
117154	391333	394309	6
523537	321051	323492	4
117154	890308	892206	1
125214	262861	263199	0
137461	845205	851350	1
598177	220027	221072	4
802003	375771	375967	6
94002	268433	268770	0
94002	57562	58031	2
94002	378800	378843	0
802003	132580	132632	2
523537	296548	299782	1
523537	654423	654597	2
523537	181146	181588	4
921851	545759	546016	7
323986	627745	630942	2
280260	832736	833608	4
