fromId	keyId	targetId	timeout
727646	375130	375301	8
950468	209139	210869	7
905208	450044	450080	0
226498	409503	409541	2
920607	438949	441627	15
727646	103718	106939	23
905208	505252	505997	3
727646	1024811	1026318	15
226498	593952	598015	3
198450	178205	182521	6
765652	84923	90093	16
950468	980288	983382	0
465452	639522	640199	3
928731	847700	851350	8
226498	487964	492068	4
905208	344326	345676	8
727646	41815	43174	13
198450	463037	465452	11
928731	303921	306706	16
905208	474829	475598	1
261950	441817	442735	7
727646	654258	654959	5
465452	836617	838284	7
465452	833622	835390	8
226498	742330	744681	5
765652	147405	149423	2
198450	978464	979430	3
198450	278889	281657	9
905208	825223	825407	5
920607	126317	131196	6
950468	458991	465452	11
920607	814907	815460	7
928731	234129	237647	15
928731	582760	583792	5
261950	506479	507083	7
727646	914649	914893	15
950468	261588	261950	5
905208	914827	914893	0
950468	763083	765652	18
765652	692426	694184	10
920607	967853	969501	0
765652	961557	966144	24
905208	15942	16911	1
928731	878581	892206	27
226498	147787	149423	7
765652	138752	139146	3
920607	512484	513972	12
905208	701153	703408	2
765652	598864	607571	4
950468	64650	67678	6
950468	113641	114607	2
905208	192530	193821	11
226498	433589	437421	4
226498	34146	34514	2
920607	492972	495042	14
905208	261518	261950	10
465452	863551	865765	10
905208	3832	3978	2
465452	822225	823465	5
226498	932834	933667	3
226498	259269	260422	4
905208	551028	553941	4
226498	288102	290401	6
765652	691217	691286	7
226498	290716	292738	5
261950	99765	101892	18
920607	422505	424541	9
226498	830207	832532	1
905208	951099	954834	18
465452	567513	570375	11
928731	831981	832532	6
920607	440951	441627	9
261950	644185	646173	3
261950	996493	1002967	13
727646	101185	101892	21
928731	845435	851350	9
261950	805641	807477	19
765652	68884	70085	2
765652	192705	193821	8
920607	212367	213739	2
198450	903354	905208	2
920607	322964	332157	11
226498	92015	92829	16
727646	692495	694184	8
465452	350441	353698	14
226498	550727	553941	12
920607	920940	921851	0
928731	52474	54609	8
465452	214414	216883	5
198450	473039	473237	10
198450	460568	465452	11
226498	561694	561988	4
920607	84624	90093	3
950468	899948	905208	10
465452	813041	815460	5
905208	92151	92829	5
928731	121539	123198	14
905208	185940	186016	8
198450	749152	749409	10
727646	1031169	1032148	14
261950	274734	274989	0
198450	203375	204141	0
950468	75986	76091	2
920607	955014	958776	3
465452	839059	839095	6
928731	726128	727646	14
727646	994481	995910	15
765652	1029362	1030193	5
226498	20783	23146	5
727646	199961	201347	12
950468	830960	832532	26
928731	223740	225378	16
765652	808718	810848	2
465452	706627	707032	7
920607	904747	905208	8
765652	846585	851350	1
920607	971079	973996	0
920607	1005275	1005439	4
727646	841076	851350	8
465452	980723	983382	13
950468	47088	48391	2
928731	979847	983382	1
198450	608710	609989	9
727646	945477	946150	11
950468	609506	609989	8
465452	872636	873236	11
928731	518403	519666	6
261950	170253	170646	7
920607	465575	470575	12
765652	370435	372033	4
928731	197653	197817	16
905208	111089	111713	4
920607	615525	615704	12
198450	339876	341078	10
226498	585824	589154	4
765652	589832	591324	5
765652	157125	157920	2
905208	167251	168361	16
928731	975905	976853	2
226498	481171	481797	4
226498	652192	652401	1
920607	726756	727646	14
928731	833386	833608	6
261950	459512	465452	7
950468	429938	431308	10
226498	1016271	1016963	4
928731	135357	136687	13
198450	600171	607571	4
261950	1021019	1023379	13
261950	603116	607571	4
465452	50063	50882	15
905208	793648	796204	7
920607	861705	865765	13
920607	590404	591324	13
727646	126868	131196	12
905208	233689	237647	8
198450	896592	899487	5
261950	387217	388598	6
261950	1032990	1040759	14
261950	205139	207609	7
920607	53205	54609	1
928731	379639	379940	16
920607	1005030	1005439	4
261950	38298	39534	4
198450	301164	306706	3
765652	200931	201347	11
765652	863234	865765	1
198450	170030	170646	1
465452	348787	349547	12
765652	153948	155559	2
727646	881776	892206	26
950468	41475	43174	3
727646	516824	519666	4
928731	824637	825407	6
920607	457255	457342	9
465452	783227	785342	6
465452	297408	297772	5
950468	684655	691286	7
226498	775614	778081	2
465452	897993	899487	16
226498	690999	691286	2
261950	117012	117075	4
465452	992299	992377	14
765652	520036	522408	5
905208	796309	798431	5
465452	303670	306706	7
226498	745520	749409	11
920607	359925	365538	24
198450	912569	914893	5
928731	615797	618091	8
765652	750402	751979	20
261950	330921	332157	2
261950	281826	282024	5
950468	107800	110457	1
198450	906184	907033	2
950468	630496	630770	3
727646	712230	712247	7
