fromId	keyId	targetId	timeout
391364	926141	926831	1
782147	915555	917216	6
856857	715039	715133	10
114607	229019	230416	5
774308	905880	907033	16
170646	837199	838284	7
856857	165849	168361	18
170646	634052	634784	2
768040	829272	832532	1
657790	850751	851350	22
418391	801114	802003	1
609989	847169	851350	4
657790	681368	682424	2
774308	306475	306706	11
856857	658455	662550	10
114607	71835	76091	13
418391	31408	31961	5
774308	297352	297772	10
472812	287034	290401	12
856857	370323	372033	7
114607	4938	7207	2
856857	786209	786381	24
418391	563029	563209	9
507083	357301	359864	11
609989	625569	627409	1
609989	76087	76091	8
657790	823655	825407	20
170646	267614	267886	2
768040	830009	832532	1
609989	80158	81597	10
856857	792144	792224	26
782147	401441	401960	4
768040	1005421	1005439	2
114607	985691	985974	0
774308	5777	7207	6
391364	869028	872105	4
782147	351966	353698	5
391364	349657	353698	5
507083	787669	790320	3
472812	806306	807477	25
774308	315305	315367	13
391364	869697	872105	3
657790	666345	666514	0
472812	396197	401960	11
391364	859852	860321	3
472812	134449	134778	10
856857	998177	1002967	7
1012464	243567	244247	6
507083	22897	23146	0
472812	1041724	1042530	13
391364	228830	230416	6
418391	623826	624773	3
418391	871961	872105	2
507083	990864	991799	1
782147	829698	832532	1
507083	469150	470575	4
609989	1019378	1020859	2
170646	405413	406102	7
782147	365234	365538	1
472812	557764	557799	6
114607	122355	123198	0
418391	118168	120046	11
391364	957630	958776	13
768040	127715	131196	2
170646	587650	589154	2
472812	752672	752709	15
774308	59726	61121	7
472812	115812	117075	8
472812	1033329	1040759	16
609989	937928	944455	4
609989	679232	680935	0
170646	757740	762251	3
170646	321003	322260	7
657790	961106	966144	18
170646	107583	110457	19
856857	998243	1002967	7
1012464	446641	448841	12
114607	975350	976853	0
768040	668552	670082	5
782147	330886	332157	3
657790	526766	528802	20
114607	967454	969501	1
507083	622070	624773	5
507083	983613	984060	0
114607	87332	90093	5
782147	492316	492527	2
657790	744893	745115	11
609989	721290	722433	0
856857	477575	480277	7
472812	460201	465452	9
768040	993561	995910	2
782147	334201	338304	5
782147	804438	804532	0
114607	282265	285454	3
170646	395532	401960	10
782147	681492	682424	6
507083	650518	652401	9
768040	489012	492068	5
774308	970649	973996	7
1012464	390407	391364	10
418391	530379	531849	5
774308	354562	354873	7
472812	687292	691286	6
418391	869880	872105	2
507083	914000	914893	0
768040	909656	910106	0
774308	322182	322260	10
391364	763379	765652	18
768040	434966	437421	7
507083	59356	61121	1
774308	609818	609989	9
472812	687172	691286	6
418391	398152	401960	6
782147	207751	210869	7
418391	786380	786381	3
170646	976106	976853	16
391364	485729	492068	1
170646	256830	257489	4
782147	575320	578227	3
774308	774919	778081	2
609989	538943	539124	4
768040	96578	99099	26
609989	294416	296126	5
391364	600549	607571	0
114607	643339	643586	0
391364	425456	426107	1
1012464	964065	966144	21
782147	922428	924989	3
782147	114543	114607	4
609989	587606	589154	3
418391	234950	237647	1
609989	678274	679061	1
391364	580384	583792	3
774308	600810	607571	10
774308	274599	274989	13
782147	912097	912394	5
768040	648885	652401	6
782147	535947	538177	7
114607	1258	3041	1
609989	1031278	1032148	0
657790	22620	23146	0
472812	949073	950468	13
782147	546471	553941	24
782147	88240	90093	5
1012464	426097	426107	11
507083	96877	99099	22
609989	142110	142276	8
507083	793287	796204	3
782147	631392	633398	5
657790	357204	359864	25
170646	473093	473237	9
1012464	29371	31961	7
782147	194217	197817	7
609989	648501	652401	2
856857	582025	583792	12
418391	852040	852858	0
1012464	474342	475598	13
1012464	589384	589565	2
170646	845331	851350	10
782147	57266	58031	3
1012464	1039584	1040759	1
609989	298074	299782	4
782147	471020	472812	3
391364	1031600	1032148	0
657790	365639	367336	21
774308	10442	10639	5
1012464	68432	68873	3
114607	67896	68873	6
170646	918430	919539	13
114607	570677	571279	4
391364	44270	48391	2
856857	629740	630770	7
418391	406281	406544	10
768040	700733	703408	14
774308	827807	828435	2
856857	272572	274989	21
768040	901305	905208	0
609989	405298	406102	7
782147	825227	825407	0
768040	333180	338304	12
856857	539049	539124	6
782147	398661	401960	6
507083	1002032	1002967	2
472812	142882	149423	9
856857	324656	332157	18
782147	401521	401960	4
657790	723936	724387	0
657790	586165	589154	17
774308	20209	23146	6
609989	969656	973996	5
782147	189574	193821	8
472812	945116	946150	8
609989	662	3041	1
472812	798506	799194	24
391364	549428	553941	7
391364	1030494	1032148	0
609989	817315	818271	1
