fromId	keyId	targetId	timeout
77136	125323	125371	0
512923	930939	931681	0
917619	845264	851350	2
553941	296668	299782	1
643586	499841	502601	0
885144	810229	810740	4
77136	413848	414608	1
477345	757369	762251	5
315068	675115	676138	0
77136	650198	652401	4
377243	390195	394309	4
477345	323780	323986	1
538177	92050	92257	0
885144	1000259	1001727	0
643586	261027	261410	0
315068	957037	957165	0
538177	256873	257797	1
315068	450354	455336	1
643586	339421	339686	1
512923	586555	587390	0
553941	827650	828258	0
402288	299900	299986	3
667260	293940	294083	0
77136	295215	296126	0
667260	3629	3908	9
77136	128697	132507	3
553941	491884	492068	0
667260	780286	782147	4
128401	924818	924989	0
885144	840563	844119	3
477345	288323	288828	3
315068	457963	458316	1
402288	213183	213321	6
377243	845842	851350	1
315068	613891	614437	0
667260	11558	13330	8
315068	637121	638842	1
402288	293359	293470	3
402288	703142	703408	2
377243	45889	45960	1
477345	137013	137461	2
667260	809149	810740	4
643586	974581	976853	1
885144	773413	774028	3
512923	737127	737744	0
917619	579618	581096	1
917619	996556	1000187	3
553941	166309	168114	0
77136	401764	402288	2
128401	889618	889666	1
885144	557925	559477	2
917619	863595	863975	1
402288	695847	696859	0
553941	180403	180469	0
377243	178880	180469	1
402288	865547	865765	0
477345	1002142	1002268	0
477345	47633	48391	2
477345	282692	283843	2
667260	340808	340970	0
477345	545125	545171	0
315068	1583	3041	1
477345	443859	444077	0
553941	151690	152478	1
538177	508749	510670	0
77136	983257	984060	2
77136	664402	664483	6
667260	706771	707032	1
917619	527272	527493	0
377243	744599	744961	1
477345	721528	722433	3
917619	182579	186016	6
315068	255179	255351	3
917619	75741	76909	1
917619	74788	76909	1
917619	144676	145254	6
917619	991694	991799	3
477345	301699	304639	2
315068	18331	23146	2
667260	578944	581096	0
377243	759561	762251	4
128401	455631	455820	2
917619	976648	976853	0
553941	864217	865765	0
667260	902246	905208	3
643586	9161	9550	0
477345	370684	371634	1
402288	4745	6426	3
477345	25211	27129	2
667260	131433	132507	10
77136	89665	90093	0
477345	849555	851350	2
315068	1046849	1048453	1
402288	945716	946242	7
885144	295915	296126	1
377243	188478	193821	7
402288	60530	63567	6
538177	65599	68873	2
885144	706462	707032	4
315068	462633	464043	0
477345	208908	209004	4
667260	351154	352613	3
667260	307005	308324	1
667260	674659	676138	0
512923	848068	851350	0
402288	603694	607909	3
315068	992679	994191	3
643586	964027	966144	1
538177	914335	915149	1
402288	20304	23146	5
917619	964314	966144	1
128401	145884	149423	0
377243	305444	306076	1
553941	976624	976853	1
538177	280469	281657	1
402288	835115	835390	0
538177	685174	689477	0
128401	601738	607909	6
402288	115262	116703	5
315068	107702	110457	5
77136	730839	737744	5
667260	707629	712247	4
667260	449115	450080	1
643586	327621	327710	0
917619	73985	76909	1
77136	690226	690624	3
402288	133095	133308	5
538177	12697	13330	3
885144	532008	532626	2
643586	459036	461652	0
553941	369888	370308	2
538177	798509	799194	0
643586	721045	722433	3
553941	255437	255555	2
917619	74608	76909	1
128401	126595	128401	0
553941	544081	545171	0
885144	291179	292738	1
477345	14625	15228	1
885144	494143	495042	2
402288	976634	976853	7
885144	175390	176813	0
128401	597384	598177	6
128401	723923	727116	1
77136	109733	110457	0
315068	658955	658980	0
553941	720571	722433	0
917619	842375	844119	1
477345	379600	381101	2
77136	973480	976853	2
128401	392760	394309	2
643586	1013398	1018364	4
402288	325501	326335	4
402288	745871	749409	4
553941	870385	872105	0
512923	637919	638842	0
538177	472523	472812	0
917619	929502	931681	0
643586	534781	535002	5
643586	625266	625555	1
643586	390428	394309	2
377243	695372	695538	0
885144	189482	193821	3
315068	906165	908372	1
667260	446370	446573	0
538177	606676	607909	2
77136	304719	306076	0
315068	603242	607909	1
377243	1047817	1048453	0
553941	549287	549972	0
512923	629792	630942	2
512923	799127	799194	0
917619	440592	441627	0
917619	331591	332157	1
128401	219454	221072	0
917619	696306	696859	3
667260	44264	45960	5
402288	231553	231678	6
77136	397878	399686	2
917619	390233	394309	3
77136	126741	128401	0
667260	91559	92257	7
377243	539772	542285	0
128401	802353	804403	3
667260	873957	875647	4
128401	832357	833608	7
128401	51337	58031	8
667260	494544	495042	0
553941	12801	13330	3
917619	553242	553941	0
917619	880977	882152	2
377243	932518	934390	1
477345	478799	479954	0
885144	41475	41679	1
512923	654129	654597	0
553941	311915	312091	0
643586	949205	949659	1
