fromId	keyId	targetId	timeout
744095	899068	899487	0
309817	752324	752709	0
744095	892648	893659	0
507083	539093	542285	3
309817	605146	607909	3
782147	404243	405815	3
1012464	96537	96936	0
609989	540375	542285	4
1012464	69837	70085	1
309817	97576	99099	0
1012464	836588	838284	2
507083	712967	713286	0
782147	106978	110457	1
114607	277005	277634	2
114607	947703	949659	1
309817	116580	116703	0
114607	320857	323492	3
526807	502616	503721	0
526807	399862	402288	1
114607	180796	181588	0
114607	590813	591557	1
782147	975015	976853	1
657790	962919	966144	1
170646	301187	304639	0
856857	699984	700385	1
856857	648722	650149	2
768040	587359	587390	2
170646	673875	676138	3
71283	598489	607909	1
657790	260766	261410	1
309817	289397	290401	2
221072	266072	267886	5
526807	597548	598177	1
418391	41630	41679	0
782147	385201	385773	1
782147	374517	374625	1
418391	603275	607909	1
418391	907830	908372	0
170646	743958	744095	0
418391	460712	461652	2
768040	258410	258798	1
526807	895362	896278	1
609989	59627	60418	2
418391	897249	897487	0
1012464	528889	532626	3
170646	88646	90093	1
472812	519912	520011	0
418391	116959	117075	1
782147	147860	149423	0
1012464	1031496	1032148	0
744095	762550	765652	1
170646	866407	868630	1
309817	513249	516056	2
507083	346446	346588	1
1012464	945677	946242	9
657790	264740	265451	3
609989	59133	60418	2
782147	224078	225378	0
71283	890163	892206	0
1012464	671174	671525	5
309817	638084	638842	2
507083	81989	83034	1
744095	915571	917216	0
744095	206586	207609	4
609989	454525	455336	0
768040	173822	175354	0
768040	954259	954834	1
657790	527754	527965	2
1012464	384431	385773	0
744095	369022	370308	2
768040	572548	578227	2
309817	241449	242213	1
526807	115986	116703	1
856857	497143	498420	0
418391	255742	256243	0
768040	364768	365538	1
744095	773031	774028	1
768040	792439	794879	1
71283	385501	385773	0
507083	1044095	1044272	0
114607	738281	738897	0
170646	92296	94002	2
768040	1011640	1012464	0
657790	403812	404091	0
170646	296918	299782	1
768040	598212	598294	3
1012464	365200	365538	0
1012464	843273	844119	0
507083	879813	880778	2
856857	538630	542285	5
507083	1041603	1042530	0
507083	754525	754708	0
507083	844922	851350	2
768040	1002664	1002967	0
1012464	460980	461652	1
1012464	72057	73808	6
768040	9830	13330	1
170646	253439	254520	1
526807	337476	338304	0
744095	3659	3908	1
309817	735472	737744	0
782147	493529	495042	3
526807	317328	319165	0
657790	816213	816250	2
782147	986068	989899	3
526807	117481	117898	2
526807	36570	40539	2
768040	895942	896278	2
657790	468530	470575	0
768040	863482	863975	0
418391	492530	492906	3
507083	3488	3908	1
856857	282065	283843	0
221072	713380	716312	4
114607	529812	532626	4
221072	333630	334574	0
856857	652742	653103	3
609989	372114	374625	0
309817	161504	162563	0
768040	775889	776080	0
170646	1042881	1044272	1
221072	630700	630942	1
418391	778917	780277	2
309817	434590	437421	2
1012464	169930	170646	0
782147	938102	942126	0
657790	967470	970485	1
526807	1000541	1001727	0
114607	814783	815460	0
221072	588311	589565	1
526807	580009	581096	1
114607	655452	657225	1
221072	292249	292738	0
609989	61594	63567	3
170646	358214	359864	0
609989	225116	225378	0
472812	5417	6426	2
1012464	606739	607909	3
309817	210871	211368	1
526807	50501	50882	0
221072	1047524	1048453	1
114607	252953	254520	2
309817	163814	164730	0
221072	755490	762251	4
782147	11232	13330	0
309817	579072	581096	0
472812	189354	193821	3
526807	920766	921851	1
418391	85983	87060	0
472812	948731	949659	1
782147	520862	521198	3
170646	90862	92257	1
856857	634989	636019	1
768040	278119	280260	1
1012464	559406	559477	1
507083	249199	249946	0
507083	927666	927983	1
170646	943822	944266	6
657790	362567	365538	2
221072	1024391	1025369	1
472812	449864	450080	0
526807	543635	545171	0
768040	51341	58031	4
71283	444134	445869	3
472812	162651	163718	0
170646	397782	399686	2
309817	217170	218544	2
170646	775921	776080	3
114607	211296	211368	0
309817	272967	273352	3
114607	1020765	1020859	1
472812	853032	853058	0
170646	376835	376922	1
768040	519576	519666	2
472812	325230	326335	1
768040	851082	851350	0
856857	785538	786315	4
114607	932422	934390	1
221072	504431	505596	1
507083	344178	346588	1
309817	881207	882152	0
472812	968789	970485	1
114607	813404	815460	0
114607	434454	437421	2
782147	746105	749409	1
472812	501047	502601	0
657790	126112	128401	2
418391	142801	145254	3
1012464	265981	266071	0
768040	209524	210869	16
71283	126168	128401	1
170646	843400	844119	0
782147	856582	856857	0
71283	1030887	1032148	0
609989	655002	655085	0
507083	633817	634784	0
418391	754456	754708	0
