fromId	keyId	targetId	timeout
87060	233933	237647	0
671293	842919	851350	2
629887	956871	957165	0
519666	608544	608892	0
377694	684995	689477	0
671293	11497	13330	2
346653	302324	304639	0
991799	953111	953197	0
712247	547778	548225	0
87060	665290	665442	0
346653	337789	338304	0
732869	811406	811796	0
114787	570498	571195	1
285834	872363	873236	1
852858	312284	313252	0
920026	827042	827146	3
114787	892008	892206	0
388598	855730	856857	0
326335	159832	160878	0
629887	534314	535002	0
114787	401456	401960	0
712247	521339	522408	0
326335	435285	435554	0
326335	653586	654597	0
519666	682676	683826	0
346653	179079	179957	2
852858	1032321	1039150	2
346653	43956	45960	1
152517	537575	538118	0
712247	147721	149423	0
519666	305530	306076	1
377694	50411	50882	0
991799	924462	924989	0
152517	579583	581096	1
720042	543771	545298	1
377694	340125	341916	2
326335	775747	776080	0
152517	301313	304639	0
377694	470561	470575	0
285834	651230	652401	1
629887	368987	370171	2
671293	823497	825407	0
326335	319013	319165	0
388598	462287	464043	0
671293	563605	571195	3
671293	19486	24233	2
114787	611411	615247	1
885717	386224	387499	1
87060	560770	561988	0
437880	520726	521198	0
388598	464419	465452	0
920026	213525	213739	0
437880	262440	263199	1
114787	645642	646173	0
629887	344143	345676	1
920026	554782	555320	0
991799	958266	958293	0
388598	884640	885022	0
377694	856070	856857	0
920026	940495	942126	0
388598	736326	737744	0
629887	597021	598015	1
388598	908119	908372	0
578227	429075	429707	0
437880	117916	118039	0
732869	847650	851350	0
326335	96101	96511	0
720042	164732	166042	1
377694	610037	610387	0
578227	544675	545298	3
285834	34657	35893	1
991799	401830	401960	0
629887	255253	255258	4
578227	993461	995491	3
87060	402009	402288	0
377694	918038	919539	0
629887	796059	796204	2
852858	177726	177863	0
720042	889355	889666	0
326335	945408	946150	0
346653	316114	316427	0
285834	106122	106778	2
720042	647015	647567	0
629887	85651	87060	0
437880	455427	455820	0
629887	683034	683826	1
852858	64062	64312	4
152517	1028156	1029343	0
920026	599398	607571	0
629887	673994	676143	1
852858	697751	700300	0
885717	52565	53455	2
377694	652942	653103	0
712247	552604	553941	0
885717	376737	376922	1
629887	346713	348855	1
629887	444070	445869	1
732869	540952	542285	0
671293	1011158	1012464	0
991799	726369	727116	0
377694	660339	662550	0
114787	499194	499381	0
712247	912745	913121	1
885717	649746	650149	1
578227	497323	498420	0
388598	564322	571195	1
285834	1011883	1012464	0
920026	515284	515586	1
578227	666906	667499	1
671293	26538	27129	0
852858	982629	984060	1
87060	126428	128401	0
852858	280196	280260	0
437880	53868	54609	0
388598	338940	339686	0
87060	630175	630770	0
437880	199413	199657	0
326335	732673	732869	0
920026	875093	875647	1
920026	263009	263199	1
114787	665184	665442	0
285834	409542	410762	0
388598	37840	38145	1
629887	5297	6426	0
712247	408622	408817	0
326335	939053	942126	0
377694	107059	110457	1
388598	589770	590546	0
852858	313363	314036	0
346653	601744	607571	1
671293	730703	732039	0
285834	270833	271850	1
578227	654128	654597	0
852858	257600	257797	0
885717	143676	145254	0
920026	603745	607571	0
732869	514931	515586	0
578227	811063	811796	1
991799	144998	145254	0
885717	53165	53455	2
114787	931909	932103	0
388598	20074	24233	3
732869	232655	237647	0
152517	373674	374625	0
87060	895235	896184	0
991799	754078	754708	1
346653	792704	795326	1
629887	164209	164730	0
285834	537524	538118	1
152517	772545	774028	0
629887	611006	611271	1
519666	1010438	1012464	0
629887	413023	413052	0
852858	729017	730571	0
388598	451298	451797	0
885717	14144	15228	3
991799	349002	349547	0
519666	916389	917216	0
152517	72957	73035	0
712247	13908	15228	0
712247	410805	411540	0
885717	1005962	1009650	0
578227	448022	448841	0
326335	224436	225618	1
578227	74615	76091	0
712247	334215	334574	0
437880	356063	356213	0
87060	73366	73808	1
720042	402033	402288	0
852858	245208	245695	0
920026	811159	811796	3
920026	487997	492068	0
87060	408916	409102	0
885717	110404	110457	0
629887	483693	483867	0
852858	951818	952167	1
437880	818490	820284	0
852858	205798	207609	0
114787	19204	24233	2
285834	796957	798431	3
712247	648095	648336	0
732869	224631	225618	1
377694	346447	346588	0
87060	832822	832999	0
852858	779858	780277	0
437880	815761	816250	0
885717	89819	90370	3
519666	454813	455336	1
852858	517890	519666	0
377694	967883	969501	0
991799	908558	908793	0
519666	310054	310069	1
377694	394169	394309	0
388598	826878	827146	0
885717	1018925	1019868	1
114787	296718	297772	0
388598	207496	207609	0
