fromId	keyId	targetId	timeout
106778	758168	762251	5
505997	373603	374625	3
937245	196489	197477	3
133668	620100	622093	1
444077	912592	913882	1
444077	1015963	1018364	6
85128	145417	149423	4
133668	536323	538118	5
444077	908180	908372	0
85128	272654	273352	1
505997	444812	445869	0
258798	270858	271014	0
442735	408418	408499	5
792224	458534	461652	5
444077	89211	90093	8
937245	730508	737744	5
442735	862386	862978	0
444077	243923	244119	1
408160	600425	607909	1
258798	685972	689477	0
894583	43386	45960	4
894583	102424	104652	0
505997	201536	202941	0
792224	546204	546905	4
894583	512915	512923	0
258798	636639	638842	0
894583	461949	464043	0
408160	865670	865765	0
894583	572783	578227	1
442735	39485	40539	7
133668	904953	905208	0
792224	804583	807477	1
894583	443579	444077	0
792224	100681	102123	7
442735	393331	394309	5
442735	32033	32521	4
792224	609474	609544	6
937245	627344	627409	0
106778	158994	162563	3
894583	175934	176813	0
85128	341741	346588	3
149971	462833	464043	0
444077	186096	186474	1
894583	198709	199265	3
133668	539363	542285	5
444077	82398	83034	7
894583	258823	258968	0
442735	457626	458316	1
505997	921757	921851	0
133668	18279	23146	3
442735	796717	799194	1
894583	659962	662550	0
442735	421113	421167	8
85128	839094	839095	4
408160	745299	749409	1
106778	801910	802003	1
937245	601838	607909	1
442735	147398	149423	5
894583	650767	652401	0
258798	269525	271014	0
894583	10630	13330	3
85128	944474	946242	2
792224	956855	957165	0
85128	44580	45960	7
937245	377798	378843	1
894583	966142	966144	0
444077	60535	63567	8
792224	961466	961734	0
442735	18841	23146	4
258798	201491	202941	0
505997	828324	828435	3
444077	320437	323492	4
444077	569926	571195	1
442735	444587	445869	0
937245	470540	470575	0
442735	348381	349547	3
133668	562905	563267	11
133668	1048491	3041	2
133668	118197	118661	3
133668	460098	461652	0
792224	167811	168114	1
106778	95026	95908	1
133668	635626	636019	2
444077	329391	329404	2
894583	148464	149423	0
894583	903231	905208	0
444077	445209	445869	0
894583	132247	132507	0
937245	687381	689477	0
85128	247454	248234	0
106778	90789	92257	2
894583	863829	863975	2
792224	818783	820284	1
792224	215044	215127	4
792224	598729	607909	7
505997	471229	472226	0
444077	656371	657225	1
149971	314397	315068	0
85128	198465	199265	8
505997	222041	222181	0
792224	584331	586117	7
85128	302138	304639	2
894583	299854	299986	0
505997	668231	669267	2
444077	480456	481797	0
937245	918234	920026	4
133668	587646	589565	8
442735	454730	455336	0
937245	955878	957165	0
106778	816676	816935	1
85128	268152	268770	1
505997	1007832	1009650	0
133668	307749	308324	1
85128	206155	207609	7
133668	584366	586117	8
937245	643840	643898	1
937245	521547	523537	1
258798	999530	1000187	5
85128	747719	749409	4
106778	985962	989899	4
505997	448414	448841	0
149971	268747	268770	1
85128	833903	834327	2
106778	973659	976853	3
792224	461775	464043	5
258798	441438	441627	1
258798	880818	882152	0
894583	880910	882152	2
894583	468114	470575	0
149971	17270	23146	2
133668	375998	376315	0
133668	998877	1000187	1
149971	693033	693182	1
505997	566349	571195	4
894583	205802	207609	2
937245	804351	804403	4
258798	319672	319775	0
937245	662720	664483	0
149971	1005784	1009650	0
149971	234595	237647	0
505997	148296	149423	3
792224	742276	742859	13
894583	399148	399686	1
106778	1035917	1039150	1
408160	129277	132507	7
792224	595153	596578	6
408160	790939	791269	0
442735	862861	862978	0
85128	537366	538118	2
442735	20422	23146	4
937245	871416	872105	0
106778	1479	3041	1
792224	358467	359864	0
258798	492630	492906	2
149971	650787	652401	0
505997	430135	431308	1
442735	492183	492527	1
505997	813912	815460	0
149971	791920	791933	4
408160	965124	966144	3
444077	962022	966144	1
442735	725069	727116	0
258798	989807	989899	5
408160	640223	641274	1
792224	756420	762251	13
106778	816807	816935	1
408160	972445	976853	5
505997	488480	492068	1
258798	794652	794879	0
505997	506124	506410	1
133668	529513	532626	6
149971	223087	225378	0
133668	829047	830743	0
442735	548040	549972	1
792224	144290	145254	0
792224	962875	966144	1
149971	289606	290401	0
408160	929624	931681	0
133668	98926	99099	10
106778	1002121	1002268	2
442735	817407	820284	5
408160	405991	406102	4
149971	158519	158919	0
505997	652757	653103	0
258798	639549	640199	0
894583	368101	368460	2
442735	807031	807477	1
149971	410342	413052	4
133668	458202	458316	0
408160	519933	520011	0
505997	673180	673373	0
85128	992627	994191	2
85128	891132	892206	0
149971	325664	326335	0
442735	403022	403237	5
149971	333172	334574	0
444077	867869	868630	0
