fromId	keyId	targetId	timeout
166042	788143	788853	6
899578	714741	716312	3
899578	1011476	1012464	0
408499	332048	332157	3
166042	155072	155606	4
408499	855762	856857	0
928818	370055	370308	2
332157	99160	102123	3
908793	503874	504141	2
470575	459905	461652	1
1044272	174221	175354	0
470575	923258	923615	2
387499	972304	976853	4
908793	166685	168114	0
1044272	78480	81421	6
643898	368161	368460	6
96936	499617	502601	0
242213	73681	73808	4
332157	721087	722433	0
928818	876292	876946	4
571264	964583	966144	1
319775	726381	727116	2
96936	13885	15228	2
242213	235176	237647	1
643898	140785	142046	1
723648	155972	156453	1
1044272	706456	707032	0
96936	886763	889666	0
408499	747538	749409	0
908793	226193	226498	1
387499	262993	263199	4
1044272	893284	893659	0
242213	900551	905208	0
96936	565386	571195	2
899578	1015583	1018364	2
96936	527057	527493	0
96936	964424	966144	0
723648	526825	527493	2
643898	287955	288828	1
332157	838576	838922	0
899578	331954	332157	0
571264	872497	875647	4
1044272	18206	23146	1
293817	712184	712247	0
470575	404213	405815	3
319775	978448	984060	2
293817	676556	676976	0
242213	717550	719330	1
908793	519963	520011	0
1044272	116821	117075	1
332157	644697	646173	1
470575	590606	591557	1
470575	374587	374625	5
1044272	1036995	1039150	6
96936	995402	995491	0
96936	473556	474019	1
166042	96895	96936	0
408499	184992	186016	2
470575	829117	830743	5
1044272	75834	76909	7
571264	954020	954834	1
166042	563884	571195	1
571264	709916	712247	1
643898	61976	63567	4
470575	331021	332157	0
242213	567594	571195	4
408499	101199	102123	6
96936	226124	226498	0
723648	707826	712247	1
332157	91328	92257	1
928818	617754	622093	7
408499	377666	377694	3
96936	750440	751979	0
332157	347043	349547	1
319775	322211	323492	2
408499	596705	598177	1
908793	863465	863975	1
643898	764088	765652	1
166042	444660	445869	0
470575	101881	102123	2
96936	807041	807477	0
1044272	833918	834327	0
408499	602161	607909	1
293817	878951	880778	4
319775	561516	561988	1
908793	748923	749409	6
293817	793761	794879	1
293817	318292	319165	0
723648	387134	387499	0
166042	645991	646173	2
319775	1042826	1044272	1
387499	237069	237647	3
293817	201011	201347	1
470575	543904	545171	0
166042	748777	749409	3
319775	947404	947682	0
928818	230320	230416	0
242213	19983	23146	1
899578	72408	73808	2
928818	275008	277634	0
899578	169293	170646	0
319775	1038400	1039150	0
319775	894111	894583	0
1044272	779819	780277	0
908793	317460	319165	2
643898	111581	111713	4
319775	836431	838284	5
96936	662953	664483	0
332157	351681	352613	1
571264	785919	786315	2
166042	442023	442735	0
1044272	286725	287175	1
387499	929843	931681	2
242213	14718	15228	0
723648	675738	676138	0
470575	390047	394309	4
96936	415103	415924	4
319775	745777	749409	2
242213	37249	40539	2
332157	881092	882152	1
387499	102416	104652	3
571264	512285	512353	0
293817	283945	285614	3
908793	621724	622093	0
319775	274913	274989	4
166042	486639	492068	1
643898	39418	40539	5
928818	790405	791269	3
293817	1030508	1032148	2
908793	288533	288828	3
899578	1013191	1018364	3
96936	812244	815460	0
242213	263336	264473	1
899578	5236	6426	0
470575	692396	693182	2
723648	1042280	1042530	1
332157	307432	308324	1
319775	427259	429707	0
387499	76508	76909	8
166042	310716	312091	5
242213	582680	583792	1
908793	441031	441627	0
319775	968859	970485	1
293817	677492	680935	2
166042	176992	177231	0
899578	243728	244119	1
332157	871034	872105	0
408499	55967	58031	8
408499	530940	532626	3
928818	520137	521198	3
643898	853085	853530	0
293817	323257	323492	0
319775	35610	35893	0
928818	467524	470575	2
470575	875676	876946	2
242213	418095	418391	2
408499	693942	695538	2
166042	49447	50882	0
408499	701258	702175	0
643898	594088	596578	1
571264	440096	440160	1
332157	511443	512353	0
470575	316030	316427	0
242213	602738	607909	3
470575	319873	320133	0
470575	859196	859840	2
899578	397662	399686	2
723648	802441	804403	0
96936	811781	815460	1
332157	793232	794879	2
1044272	67473	68873	3
571264	17430	23146	2
928818	780342	782147	5
1044272	425157	429707	6
928818	103308	104652	0
332157	679870	680935	1
332157	880479	880778	2
293817	277523	277634	1
319775	83124	83976	1
928818	617384	622093	7
928818	837109	838284	6
643898	480339	481797	1
1044272	878098	880778	1
96936	610253	610387	2
899578	727668	728027	1
96936	761687	762251	1
723648	869998	872105	0
319775	469061	470575	2
643898	722268	722433	3
928818	775642	776080	5
908793	431917	432312	0
908793	626126	627076	0
723648	389215	389728	0
723648	86473	87060	1
470575	290190	290401	0
96936	468506	470575	1
166042	73529	73808	0
