fromId	keyId	targetId	timeout
673538	642000	643586	7
271850	900166	905208	8
271850	1009738	1012464	6
839684	584568	584836	0
451797	970431	973996	4
724387	1013756	1016214	10
451797	340849	341078	19
271850	616035	618091	2
76091	660534	662550	1
724387	257305	257489	4
673538	287763	290401	5
506330	247752	248234	6
271850	19120	23146	1
673538	992914	995910	5
724387	392063	401960	9
839684	716524	719558	1
163718	677175	679061	2
76091	311391	313252	3
163718	323386	332157	9
67678	348845	349547	17
271850	422728	424541	0
353698	66396	67678	10
271850	373414	374625	1
673538	129556	131196	14
163718	1011163	1012464	2
420795	650623	652401	2
353698	708164	711452	10
673538	589926	591324	3
724387	541981	553941	32
163718	787421	790320	21
163718	23147	24233	1
163718	870218	872105	7
271850	960633	966144	32
899487	893553	896184	4
163718	441108	441627	0
353698	598874	607571	3
420795	785951	786042	7
451797	1027783	1030193	3
163718	35118	35893	5
67678	422988	424541	15
353698	202825	204141	6
420795	490997	492068	14
673538	223733	225378	8
451797	96125	99099	17
673538	265184	266680	5
451797	755076	762251	3
899487	958221	958776	11
76091	623467	624773	0
420795	777279	778081	5
67678	394483	401960	12
76091	385933	388598	7
76091	122716	123198	0
271850	553993	555320	0
76091	657518	657790	3
271850	1025383	1026318	5
353698	343560	345676	10
420795	442745	445869	2
839684	389005	391364	2
839684	212247	213739	9
899487	653012	654959	4
271850	957602	958776	18
420795	557981	559477	0
76091	679360	680935	2
76091	110350	110457	0
899487	525385	528802	6
163718	799829	802003	24
76091	344592	345676	0
673538	682471	691286	6
673538	307075	308324	5
451797	54875	55604	6
673538	409368	409378	13
724387	248933	249946	0
163718	986771	991799	3
76091	438223	438344	0
271850	422278	424541	0
271850	557852	559477	2
271850	977657	979430	6
673538	535511	538177	2
163718	938274	944455	10
420795	707076	707559	8
839684	904630	905208	2
271850	610842	614437	2
724387	350384	353698	15
899487	315875	316427	9
899487	475509	475598	6
67678	1026712	1030193	11
839684	330326	332157	1
724387	249967	255421	10
724387	919458	919539	2
420795	102366	106939	11
76091	145141	149423	6
271850	394854	401960	10
673538	938068	944455	6
899487	228634	230416	6
673538	65504	67678	10
724387	593887	598015	10
163718	942137	944455	9
506330	400286	401960	2
271850	79098	81597	1
451797	592204	598015	1
451797	130476	131196	6
451797	355090	359864	16
673538	437073	437421	1
673538	568218	570375	3
899487	334092	338304	16
506330	732488	739081	9
673538	390987	391364	7
67678	724790	727646	4
899487	121100	123198	1
420795	44583	48391	5
724387	49097	50882	8
724387	747292	749409	5
67678	1021342	1023379	4
899487	44195	48391	2
724387	1048538	3041	7
899487	747999	749409	2
76091	922554	924989	9
76091	194190	197817	3
451797	999009	1002967	7
451797	546263	553941	16
724387	100884	101892	32
673538	592148	598015	3
67678	144534	149423	2
839684	817911	818271	4
724387	165363	168361	19
506330	549425	553941	3
506330	871018	872105	7
271850	125117	125371	1
506330	708879	711452	9
67678	303738	306706	3
163718	153992	155559	7
67678	463189	465452	12
724387	316767	319165	4
76091	833688	835390	27
271850	82672	83034	0
353698	976245	976853	7
420795	781113	782147	5
67678	758551	762251	17
451797	611592	614437	0
506330	1023330	1023379	4
271850	137198	137461	2
451797	325381	332157	22
353698	506735	507083	2
724387	14490	16911	8
506330	577363	578227	7
839684	787744	790320	3
899487	802940	804403	4
420795	108813	110457	11
673538	634525	634784	6
353698	82982	83034	3
353698	198248	198450	4
67678	7657	9550	3
271850	719590	720042	0
353698	779434	780277	7
724387	993800	995910	7
271850	936760	937245	4
67678	569616	570375	13
271850	534433	538177	2
271850	709248	711452	0
271850	142358	149423	10
353698	500272	502601	2
353698	154244	155559	4
67678	562694	563209	14
673538	269799	271850	4
899487	172359	173024	3
353698	136594	136687	3
899487	259620	260422	8
271850	685843	691286	5
420795	160935	162563	10
76091	292305	292738	2
271850	523003	523537	1
353698	56034	58031	8
163718	18395	23146	2
353698	154629	155559	4
724387	939921	944455	6
673538	849819	851350	2
353698	668220	670082	9
76091	459942	465452	2
724387	971551	973996	3
271850	864654	865765	2
76091	318635	319165	2
724387	30086	31961	8
724387	702224	703408	19
76091	559939	561988	14
67678	451782	451797	11
724387	909007	910106	3
899487	946557	947266	1
67678	26703	27453	4
271850	817235	818271	0
899487	535537	538177	5
353698	419245	420469	5
506330	31806	31961	0
420795	953878	954834	0
899487	965491	966144	22
839684	1042462	1042530	0
67678	884205	892206	16
163718	715438	715899	5
