fromId	keyId	targetId	timeout
780277	52441	54609	7
375301	248388	249946	9
114878	562709	563209	3
10639	47321	48391	5
780277	681410	682424	4
780277	620412	624773	4
256585	488150	492068	14
377357	380347	381101	0
10639	720171	722433	7
377357	114908	117075	5
510670	949338	950468	19
510670	709135	711452	0
114878	579781	583792	1
790320	854361	856857	1
375301	414069	418391	4
790320	673490	673538	16
10639	737371	739081	8
510670	438623	441627	10
10639	378647	379105	6
790320	613897	614437	10
510670	755236	762251	3
780277	546012	553941	21
114878	759159	762251	6
780277	860932	861378	1
375301	671151	671293	9
780277	395749	401960	14
790320	388719	391364	14
510670	237187	237647	10
377357	992788	995910	3
375301	774147	774308	7
377357	6230	7207	2
790320	548355	553941	18
377357	573043	578227	2
114878	112509	114607	6
256585	374557	374625	8
10639	138397	139146	4
510670	64256	64515	8
377357	213993	216883	12
375301	781212	782147	3
256585	200141	201347	6
256585	91937	91946	4
114878	380533	381101	0
780277	47350	48391	6
780277	376220	376922	11
780277	246786	248234	7
510670	546872	553941	20
10639	778066	778081	22
256585	502450	502601	1
780277	180434	182521	9
790320	391986	401960	16
375301	534568	538177	5
256585	1013115	1016214	3
790320	860262	860321	0
114878	950522	954834	19
780277	804213	804403	0
377357	834264	835390	2
780277	339995	341078	18
10639	1003710	1005439	11
256585	619537	624773	3
377357	388261	388598	1
377357	801222	802003	1
510670	308908	308939	2
375301	52378	54609	3
790320	906457	907033	2
114878	236985	237647	4
114878	509889	510670	1
780277	138394	139146	7
375301	810373	810848	8
114878	464693	465452	3
10639	347124	349547	10
377357	104890	106939	5
510670	1035640	1040759	3
256585	13181	16911	5
10639	439485	441627	8
256585	726335	727646	4
790320	110713	111713	8
780277	755768	762251	9
375301	570079	570375	5
114878	952405	954834	17
510670	146771	149423	13
790320	506238	506330	7
377357	512953	513972	0
10639	602591	607571	9
510670	739131	742311	3
375301	198358	198450	10
256585	857451	860321	2
780277	215178	216883	9
790320	891289	892206	3
780277	300561	306706	13
790320	914035	914893	2
780277	293677	293817	9
375301	207048	207609	10
790320	1026154	1026318	1
10639	1024792	1026318	12
377357	585539	589154	2
780277	589522	589565	3
375301	292871	293470	9
256585	966487	969501	24
510670	22348	23146	3
114878	757325	762251	7
510670	641237	641666	6
377357	623828	624773	4
114878	869330	872105	1
790320	138930	139146	6
10639	967254	969501	27
780277	556961	557799	2
114878	756416	762251	7
510670	88030	90093	7
10639	696899	700300	9
10639	485419	492068	8
377357	1009628	1009650	2
510670	182932	185445	11
114878	366758	367336	10
780277	346318	346588	14
510670	30076	31961	4
375301	233687	237647	8
10639	897047	899487	16
780277	355109	359864	15
780277	594498	598015	4
790320	709335	711452	6
10639	784737	785342	20
780277	235012	237647	11
377357	1030049	1030193	0
10639	804114	804403	26
780277	536113	538177	3
510670	704226	707032	1
377357	840384	851350	3
790320	795503	796204	0
510670	621598	624773	5
375301	348049	349547	9
510670	1913	3041	3
377357	928048	928731	0
510670	588652	589154	0
510670	34895	35893	5
790320	191188	193821	9
256585	225810	226498	15
510670	343830	345676	8
780277	791092	791933	1
10639	653411	654959	7
114878	634537	634784	4
510670	842960	851350	2
114878	628505	630770	5
790320	952727	954834	16
375301	156121	157920	12
377357	129368	131196	8
375301	185402	185445	8
780277	25675	27453	1
375301	963542	966144	2
780277	918316	919539	3
10639	683599	691286	11
377357	278784	281657	11
114878	33499	34514	2
780277	531213	531849	2
377357	12623	16911	6
377357	68753	68873	6
780277	797040	798431	1
790320	805268	807477	1
377357	46377	48391	2
375301	93660	94902	5
375301	495068	498420	3
510670	24989	27453	4
256585	872826	873236	2
790320	279686	281657	10
10639	690358	691286	7
10639	291288	292738	4
375301	887429	892206	18
114878	923726	924989	1
10639	1001758	1002967	11
377357	86202	90093	6
790320	210671	210869	4
510670	442702	442735	4
780277	289881	290401	9
780277	445420	445869	12
780277	959634	966144	31
377357	132676	133308	8
780277	323621	332157	23
114878	625708	627409	6
256585	678862	679061	2
375301	805515	807477	7
10639	726880	727646	7
780277	362484	365538	14
510670	379855	379940	3
790320	958991	966144	6
780277	67226	67678	9
377357	815359	815460	0
790320	405387	406102	13
780277	846885	851350	1
10639	283863	285454	4
375301	325158	332157	21
790320	126878	131196	6
377357	205116	207609	11
377357	423367	424541	0
256585	945118	946150	1
790320	273690	274989	8
780277	282118	285454	10
375301	67511	67678	4
780277	939057	944455	6
