fromId	keyId	targetId	timeout
64478	601083	607909	2
35030	1716	3041	2
958104	458835	461652	2
958104	503474	503721	3
958104	845370	851350	2
64478	964244	966144	2
168361	892055	892206	5
958104	648419	648696	4
35030	390258	394309	3
64478	120165	123198	0
228625	153783	155606	3
833608	999078	1000187	1
35030	555050	555642	5
285614	277949	280260	4
35030	897049	897487	0
3978	345886	346588	2
285614	742039	742859	4
833608	508575	510670	0
765735	513561	516056	3
168361	223901	225378	0
506410	440814	441627	1
35030	275848	277634	0
186474	284929	285614	3
300832	226301	226498	5
300832	906945	908372	10
35030	732093	737744	1
300832	335631	338304	1
243146	592682	596578	1
833608	957034	957165	1
300832	518311	519666	0
228625	265657	266071	0
228625	342678	346588	1
833608	286275	287175	2
243146	823070	823465	0
506410	378983	379105	0
243146	540085	542285	1
168361	244843	245830	1
461652	896627	897487	1
243146	604474	607909	3
119730	119317	119730	0
506410	617884	622093	3
228625	92207	92257	7
168361	805665	807477	5
285614	440645	441627	2
765735	379590	381101	1
461652	727624	727646	1
228625	619073	622093	2
228625	634593	634784	3
506410	350967	352613	2
300832	639466	640199	6
461652	517395	517644	0
168361	1009407	1009650	1
243146	506656	507083	1
3978	866559	868630	1
765735	808398	810740	1
35030	269165	269522	3
958104	39707	40539	0
300832	303692	304639	0
228625	957066	957165	0
833608	262472	263199	2
35030	331197	332157	1
338304	340158	340970	0
958104	521131	521198	2
833608	451919	455336	0
228625	559673	561988	4
64478	424763	429707	3
243146	605579	607909	3
506410	171761	172078	0
461652	322677	323492	8
338304	451373	455336	1
506410	27827	28048	1
765735	841294	844119	4
64478	980996	984060	3
506410	697002	700385	1
765735	811844	815460	0
64478	932977	934390	3
958104	656333	657225	5
338304	316223	316427	1
3978	263191	263199	1
3978	164256	164730	0
506410	381462	383205	0
958104	751467	751979	2
461652	1004720	1009650	3
168361	205914	207609	0
338304	394069	394309	0
285614	915312	917216	2
3978	459658	461652	4
506410	556998	557799	1
186474	509100	510670	0
461652	86859	87060	3
186474	157583	157920	6
338304	462967	464043	0
285614	277966	280260	4
300832	12867	13330	2
35030	77518	81421	0
64478	649979	650149	6
119730	659963	662550	0
35030	856697	856857	0
285614	1023658	1024057	2
3978	564369	571195	1
765735	294247	294455	0
285614	725569	727116	3
765735	504613	505596	2
64478	495091	495341	0
958104	876544	876946	5
64478	755661	762251	5
285614	357008	359864	6
119730	759552	762251	2
285614	129791	132507	7
35030	914267	915149	2
958104	50682	50882	0
765735	873324	875647	3
186474	616750	617117	0
285614	571983	572536	2
300832	1017822	1018364	2
186474	573245	578227	2
243146	765142	765652	2
243146	604476	607909	3
119730	1018753	1020133	2
168361	804986	807477	5
119730	911085	911364	0
765735	860469	861931	3
243146	767839	767879	2
461652	633250	633398	1
461652	156865	157920	5
3978	749362	749409	0
765735	260883	261410	0
3978	794881	796204	1
958104	105569	106778	0
243146	493536	495042	1
833608	185093	186016	2
506410	54844	58031	2
958104	690708	690857	4
186474	831845	833608	6
506410	138628	138649	1
186474	731085	737744	4
35030	1025210	1025369	3
833608	981514	984060	1
461652	62155	63567	4
3978	697084	700385	1
765735	272484	273352	0
765735	665779	667260	4
833608	71656	73808	5
506410	887081	889666	0
300832	593815	596578	5
506410	279074	280260	1
228625	527045	527493	0
119730	126979	128401	0
285614	137872	138649	4
765735	657697	657790	3
506410	567518	571195	1
958104	955333	957165	2
3978	873150	875647	3
186474	446429	446573	0
285614	256546	256585	3
64478	401144	402288	1
243146	943529	944266	3
833608	20867	23146	2
119730	965115	966144	0
833608	559642	561988	6
285614	453327	455336	0
228625	896332	897487	0
64478	1022110	1023379	6
338304	410404	413052	2
64478	1010212	1012464	5
168361	797991	799194	5
3978	26430	27129	0
833608	17805	23146	2
958104	122407	123198	0
461652	500408	502601	0
461652	756801	762251	5
765735	605390	607909	3
338304	252871	254520	1
35030	848403	851350	0
186474	635479	636019	0
243146	578555	578665	1
338304	592842	596578	0
168361	96831	96936	1
186474	1019456	1020133	4
461652	695953	696859	0
765735	490646	492068	1
765735	413346	414608	3
506410	945957	946242	1
285614	745151	749409	5
506410	1020344	1020859	1
461652	417804	418391	10
119730	1019243	1020133	2
506410	24205	27129	2
506410	698987	700385	1
338304	778994	780277	3
119730	10877	13330	2
3978	826126	827146	5
119730	142035	142046	1
243146	1037705	1039150	0
64478	1038649	1039150	6
506410	539755	542285	1
119730	170768	171644	0
