fromId	keyId	targetId	timeout
199657	881755	892206	15
804403	234205	237647	13
823465	599426	607571	1
630942	848407	851350	4
199657	560744	561988	16
984393	402902	403237	12
630942	352705	353698	5
823465	730007	730571	3
630942	322748	322963	11
823465	975088	976853	0
630942	795082	796204	3
804403	382254	383205	7
823465	66980	67678	1
810848	181004	182521	15
531935	909834	910106	12
810848	847164	851350	4
630942	829461	832532	4
804403	91881	91946	9
984393	876835	877936	2
630942	442429	442735	7
984393	365738	367336	9
630942	475932	476082	8
984393	500056	502601	4
823465	466855	470575	1
984393	669152	670082	11
984393	936065	936425	4
531935	950706	954834	23
531935	59737	61121	1
984393	66198	67678	4
984393	390090	391364	8
810848	489193	492068	7
804403	182262	182521	14
984393	20727	23146	1
810848	998877	1002967	10
804403	105963	106939	10
199657	1012225	1012464	9
810848	64145	64515	16
804403	764166	765652	7
630942	147017	149423	13
984393	343094	345676	14
630942	574376	578227	5
630942	710966	711452	0
804403	273794	274989	13
199657	221995	222181	5
810848	179210	182521	17
199657	578663	578665	7
199657	241831	242213	0
199657	913280	914893	4
984393	698289	700300	8
804403	910116	912394	1
984393	366976	367336	8
630942	482847	492068	10
804403	419907	420469	12
531935	358836	359864	0
804403	979572	983382	2
823465	128609	131196	2
823465	987914	991799	2
630942	280628	281657	4
804403	342554	345676	14
984393	243875	244247	1
823465	503702	503721	1
804403	22830	23146	5
199657	796343	798431	11
804403	89891	90093	9
984393	239076	242213	2
810848	821412	821616	0
199657	318802	319165	7
199657	477063	477345	3
810848	397629	401960	11
984393	1000441	1002967	2
199657	955035	958776	20
984393	14575	16911	1
823465	783647	785342	3
531935	202703	204141	4
531935	949711	950468	21
810848	199358	199657	13
823465	984344	984393	0
531935	464853	465452	0
823465	864460	865765	0
199657	191341	193821	21
984393	398976	401960	10
630942	361274	365538	7
804403	728326	730571	9
199657	62818	63849	10
630942	604802	607571	6
531935	756944	762251	4
531935	52399	54609	1
823465	152956	153570	2
810848	774348	778081	30
810848	896784	899487	13
199657	828895	832532	13
199657	626277	627409	11
804403	34691	35893	7
199657	1009408	1009650	9
984393	760324	762251	15
630942	511566	512353	5
810848	215214	216883	15
984393	596017	598015	5
531935	148666	149423	5
804403	327712	332157	25
531935	407427	408160	0
804403	94538	94902	9
630942	24985	27453	8
630942	956230	958776	24
823465	563963	570375	0
984393	822881	823465	20
810848	266287	266680	16
804403	100762	101892	9
810848	34220	34514	11
531935	228977	230416	2
823465	885962	892206	6
810848	325442	332157	17
804403	976593	976853	2
823465	110084	110457	5
823465	104805	106939	6
199657	1035128	1040759	9
199657	771590	771689	8
199657	103513	106939	20
984393	985484	985974	0
630942	278054	281657	6
804403	1037810	1040759	4
804403	595772	598015	8
531935	136194	136687	2
810848	399183	401960	11
199657	358274	359864	5
630942	981687	983382	12
630942	1039522	1040759	12
199657	473782	474019	3
984393	553513	553941	8
199657	259696	260422	3
531935	163469	163718	5
984393	414782	418391	16
531935	748985	749409	1
630942	345113	345676	5
823465	200697	201347	6
804403	278366	281657	16
810848	167866	168361	13
823465	980500	983382	0
531935	745705	749409	1
630942	273974	274989	3
984393	799338	802003	18
823465	673757	676138	5
984393	535792	538177	6
823465	168735	170646	3
823465	404901	406102	7
823465	359257	359864	1
823465	92753	92829	4
630942	892556	896184	15
531935	22726	23146	0
630942	60442	61121	12
531935	221358	221871	1
810848	857805	860321	5
823465	381463	383205	0
823465	161648	162563	3
810848	486960	492068	8
804403	844428	851350	1
199657	173585	175354	16
804403	918551	919539	0
199657	84518	90093	20
804403	849707	851350	0
531935	246081	248234	3
630942	364321	365538	5
810848	211253	211368	12
823465	1015398	1016214	2
804403	614170	614437	10
630942	3607	3790	12
630942	500380	502601	10
804403	701548	703408	9
531935	291714	292738	0
804403	908500	910106	2
810848	791959	792224	29
199657	180839	182521	20
630942	556519	557799	7
804403	282812	285454	15
823465	1012833	1016214	3
804403	567709	570375	8
531935	997188	1002967	13
531935	63600	63849	0
984393	795805	796204	18
199657	9425	9550	7
531935	588642	589154	0
804403	988205	991799	4
810848	816137	816250	0
531935	802334	804403	2
823465	469158	470575	0
810848	36320	38145	9
531935	1038054	1040759	11
823465	470715	472812	1
810848	131642	132507	16
823465	49719	50882	0
984393	590314	591324	6
810848	640235	641666	11
984393	776331	778081	16
804403	1001527	1002967	6
810848	917576	917619	5
531935	352479	353698	2
630942	38374	39534	7
