fromId	keyId	targetId	timeout
164730	77173	81421	1
872105	534402	535002	4
942126	650852	652401	0
648696	920603	920607	0
385773	368965	370308	3
682176	216742	216883	1
942126	619991	622093	0
872105	1020857	1020859	3
682176	332951	334574	0
822005	597139	598177	3
164730	766383	767879	3
385773	281889	283843	1
383969	758936	762251	2
385773	494519	495042	2
634784	636730	638842	0
872105	547862	549972	2
383969	343759	346588	4
872105	49053	50882	7
383969	34579	35030	2
116703	471123	472226	0
467177	372763	374625	2
822005	221562	221871	0
383969	1024572	1025369	1
164730	574593	578227	0
682176	706649	707032	1
199265	88328	90093	2
383969	703027	703408	3
682176	78825	81421	6
116703	82175	83034	3
942126	677867	680935	2
822005	243908	244119	0
648696	76689	76909	0
872105	921219	921851	0
648696	687386	689477	0
199265	115941	116703	1
634784	114091	114607	0
648696	863064	863975	1
467177	992945	994191	0
634784	227108	227622	0
116703	397285	397329	0
383969	444043	444077	2
648696	903605	905208	1
641666	890756	892206	1
648696	378174	378843	2
822005	557007	557799	7
682176	783608	785386	1
872105	410754	413052	4
648696	342863	346588	2
467177	174143	175354	1
648696	550136	551130	1
682176	916324	917216	0
942126	860319	860321	0
116703	295231	296126	2
942126	655990	657225	1
648696	562398	562513	0
634784	342427	346588	2
682176	661274	662550	0
648696	228486	228625	1
383969	645678	646173	1
467177	439081	439346	2
164730	153419	153570	4
164730	165927	166042	0
467177	1016702	1018364	1
942126	637789	638842	0
467177	807181	807477	2
641666	187654	193821	8
385773	366306	366918	1
942126	319824	320133	0
942126	405253	405815	0
467177	506575	507083	0
822005	65099	68873	3
641666	186945	193821	8
467177	804336	804403	2
682176	84320	85128	2
634784	872196	875647	6
822005	664337	664483	3
682176	752957	753387	0
383969	473407	474019	0
648696	388428	388514	0
682176	373686	374625	0
822005	822767	823465	0
872105	14191	15228	3
872105	640072	640199	2
116703	304041	304639	1
164730	954441	954834	0
641666	654570	654597	0
648696	315321	315367	0
641666	148790	149423	2
164730	242059	242213	0
385773	153746	155606	1
199265	235184	237647	0
199265	595458	596578	0
467177	757709	762251	6
634784	722555	723648	0
648696	1027986	1028002	1
116703	119922	120046	0
822005	195227	195934	1
467177	742850	742859	6
199265	132973	133308	1
116703	229433	229784	0
872105	521737	523537	4
199265	477010	477345	0
872105	710686	712247	3
872105	504703	505596	2
383969	650155	652401	0
822005	686317	689477	4
648696	693342	695538	2
872105	425460	429707	3
634784	135213	135423	0
682176	534035	535002	1
942126	899879	905208	0
641666	854442	856857	0
383969	612284	614437	2
822005	46444	48391	0
641666	86886	87060	3
641666	616921	617117	1
383969	930985	931681	0
942126	545598	545659	3
942126	770257	771016	0
199265	714223	716312	2
822005	506366	506410	1
116703	313910	314036	1
164730	184206	186016	2
385773	772882	774028	3
942126	267552	267886	2
872105	740836	742859	5
822005	341542	346588	3
383969	61428	63567	3
682176	303169	304639	0
942126	13061	13330	0
822005	766698	767879	6
872105	3746	3908	4
199265	175035	175354	1
383969	833006	833608	2
872105	49418	50882	7
641666	105549	106778	3
641666	44515	45960	1
385773	369853	370308	3
385773	730888	737744	5
641666	915471	917216	0
467177	967909	970485	9
822005	718081	719330	4
641666	938847	942126	0
648696	984126	984545	3
467177	480436	481797	0
467177	634261	634784	0
872105	157695	157920	0
641666	341450	346588	4
648696	297102	299782	1
199265	755528	762251	6
116703	174571	175354	0
116703	578297	578665	0
682176	926	3041	4
942126	478684	479954	2
199265	583235	583792	0
648696	57010	58031	1
682176	896436	897487	0
199265	483290	483867	0
822005	296540	299782	1
682176	821323	821616	0
634784	789200	790293	2
641666	5209	6426	0
682176	783486	785386	1
682176	901852	905208	0
385773	1009184	1009650	0
385773	741558	742859	5
641666	505047	505596	2
199265	37047	40539	6
385773	53316	58031	5
164730	510050	510670	0
164730	111647	111713	2
385773	227324	227622	1
467177	88907	90093	4
942126	991983	994191	3
383969	738089	738897	0
822005	240432	241047	0
467177	613554	614437	0
648696	986230	989899	3
682176	168780	170646	0
634784	276139	277634	0
164730	742137	742859	1
648696	165810	166042	0
467177	889972	892206	4
648696	636627	638842	0
872105	583355	583792	1
634784	5882	6426	0
942126	31128	31961	0
942126	937030	937245	0
682176	100112	102123	3
199265	942470	944266	0
116703	598169	598177	0
385773	143721	145254	0
872105	951800	952167	0
872105	102323	104652	0
641666	275419	277634	1
116703	36063	40539	6
682176	830460	830743	0
