fromId	keyId	targetId	timeout
1024057	600290	607571	1
680935	651374	652401	2
531849	180225	182521	6
680935	25946	27453	4
1023379	162001	162563	9
1024057	710841	711452	4
1023379	136280	136687	8
531849	126032	131196	5
1024057	341243	341916	12
807477	703383	703408	3
531849	80376	81597	1
120046	60439	61121	2
1023379	327230	332157	14
598015	14621	16911	4
807477	193600	193821	9
1024057	398904	401960	7
120046	820658	821616	4
598015	15887	16911	3
1024057	305420	306706	5
531849	322699	322963	6
120046	993013	995910	2
838284	743298	744681	6
598015	86238	90093	6
807477	959079	966144	32
680935	268087	268770	0
680935	307138	308324	1
680935	210390	210869	15
1024057	555824	557799	3
838284	662158	662550	7
120046	218622	221165	10
1023379	341444	341916	12
120046	517560	519666	4
838284	497056	498420	3
807477	664484	665442	12
680935	882378	892206	17
838284	870538	872105	0
120046	371106	372033	14
807477	258008	258030	11
531849	622970	624773	0
1023379	172120	173024	11
598015	969202	969501	30
680935	1010572	1012464	4
838284	789561	790320	1
531849	176720	176813	6
531849	125788	131196	5
1023379	837359	838284	2
598015	135842	136687	6
1023379	501472	502601	8
807477	380908	381101	5
1024057	928151	928731	1
1024057	720796	722433	5
1024057	547169	553941	17
531849	876973	877936	8
680935	857152	860321	2
680935	347354	349547	12
807477	338137	338304	6
531849	51458	54609	1
680935	89913	90093	6
1023379	774104	774308	4
120046	66124	67678	3
838284	316990	319165	0
838284	674666	676138	8
598015	225854	226498	4
1023379	223054	225378	15
838284	332003	332157	0
1024057	110583	111713	2
120046	633835	634784	3
598015	1019403	1020859	10
1024057	661630	662550	0
838284	1034478	1040759	6
838284	998322	1002967	3
838284	54409	54609	9
531849	319798	320133	6
807477	431274	431308	8
1024057	483336	492068	10
598015	130219	131196	6
531849	439419	441627	2
1024057	845086	851350	1
1023379	1030774	1032148	0
1024057	277533	277634	3
120046	626823	627409	4
120046	915591	917216	0
1023379	748751	749409	8
1024057	750892	751979	7
1023379	846422	851350	3
1024057	782590	785342	2
838284	504979	505997	5
838284	6632	7207	9
531849	279437	281657	3
598015	224213	225378	4
1024057	954814	954834	11
838284	851643	851872	0
680935	402106	403237	11
838284	313746	314036	20
838284	111506	111713	17
680935	276306	277634	0
807477	780773	782147	3
120046	65839	67678	3
1023379	168065	168361	11
531849	801036	802003	2
838284	51198	54609	8
598015	515292	519666	5
120046	349061	349547	10
1024057	87229	90093	2
120046	522969	523537	4
531849	332913	338304	13
598015	572994	578227	3
680935	86379	90093	8
120046	35444	35893	1
807477	41074	43174	3
1023379	721962	722433	6
680935	881865	892206	17
120046	470207	470575	0
807477	814688	815460	0
598015	871730	872105	6
807477	696481	696859	3
120046	590713	591324	5
598015	97776	99099	16
598015	662989	665442	7
120046	482831	492068	3
120046	99392	101892	2
1023379	969447	969501	4
531849	749509	750208	1
680935	77590	81597	7
1024057	968895	969501	2
838284	344749	345676	6
1024057	940504	944455	4
1023379	890041	892206	3
1024057	798446	799194	0
598015	800954	802003	0
1024057	692949	694184	5
1023379	1027136	1030193	3
807477	800849	802003	4
838284	701943	703408	16
680935	888930	892206	7
1023379	421862	422017	6
120046	144923	149423	2
1023379	229569	230416	14
120046	854143	856857	6
598015	998607	1002967	11
1024057	965152	966144	24
1023379	644697	646173	1
1024057	344974	345676	17
807477	222072	222181	5
1023379	617773	618091	2
680935	27829	28048	3
838284	880928	892206	8
531849	138357	139146	4
120046	924505	924989	0
1024057	279532	281657	6
1024057	162841	163718	7
598015	1018971	1020859	10
807477	684383	691286	7
598015	369384	372033	9
838284	790073	790320	1
838284	159951	162563	17
1024057	270283	271850	3
1024057	351762	353698	11
838284	778970	780277	0
807477	1000488	1002967	6
838284	841811	851350	2
1024057	165370	168361	13
807477	672831	673538	12
120046	564416	570375	14
1024057	151023	152478	7
680935	104651	106939	8
838284	751063	751979	0
120046	776247	778081	3
531849	41785	43174	8
807477	60083	61121	4
120046	690955	691286	0
120046	564465	570375	14
807477	587897	589154	5
1024057	421392	422017	6
1023379	398510	401960	7
1024057	479970	480277	7
680935	842277	851350	2
1024057	109422	110457	2
1024057	932641	933667	2
807477	114160	114607	21
531849	628639	630770	1
1023379	106538	106939	11
680935	951037	954834	16
1024057	818377	818396	0
680935	140770	142276	7
120046	515332	519666	3
598015	225765	226498	4
1024057	755095	762251	10
1023379	654082	654959	3
598015	900817	905208	10
838284	933861	936425	6
598015	615414	615704	0
1024057	710235	711452	4
1024057	654365	654959	2
680935	320380	322260	1
120046	903948	905208	12
807477	680082	680935	9
