fromId	keyId	targetId	timeout
950839	518035	519666	0
222181	233700	237647	0
158919	45984	48391	2
94902	794836	795326	1
944266	188678	191401	0
255579	458028	458316	0
1001727	315276	315367	0
145254	694037	694184	0
94902	811656	811796	0
132507	620709	622093	1
290401	966666	969501	0
950839	904006	905208	0
944266	821494	821616	0
370308	453374	455336	0
145254	861800	861931	0
94902	253055	254307	0
132507	922777	923615	0
222181	456370	458000	2
254307	209256	210869	0
255579	935370	935606	0
94902	950130	950468	2
659298	465058	465452	0
145254	1018010	1018364	0
132507	611740	615247	1
654597	571262	571264	0
403237	939525	942126	0
132507	134519	134778	0
94902	450971	451797	0
654597	148914	149423	0
370308	1019492	1019868	0
244247	624119	624773	1
290401	435439	435554	0
255579	512231	512353	0
132507	688190	689477	1
254307	617713	617867	2
94902	403327	404091	0
132507	129911	131196	1
254307	884769	885022	1
290401	409454	409541	0
370308	537198	538118	0
290401	708548	711452	0
950839	666766	667499	1
94902	540445	542285	0
158919	587901	589154	0
94902	715390	715899	0
290401	1046548	1048453	0
132507	70923	71283	1
409378	499197	499381	0
244247	451109	451797	0
950839	922736	923615	0
145254	219805	221072	0
659298	387634	388514	0
290401	1025005	1025369	0
222181	353479	353698	0
158919	449383	450080	0
290401	95186	95908	3
654597	656569	657215	0
370308	847244	851350	1
158919	1015986	1016214	0
659298	590071	590546	1
370308	406612	407397	0
944266	353384	353698	1
244247	1030026	1030193	1
950839	229713	229784	2
145254	920064	920607	0
409378	1226	3790	3
409378	722295	722433	0
244247	969725	970485	0
403237	85556	87060	0
132507	150180	152478	0
944266	312788	313252	0
290401	423981	424541	0
145254	164817	166042	0
409378	960676	960974	2
944266	972425	976853	2
132507	193533	193821	0
94902	1024675	1025369	0
659298	689062	689477	2
132507	334830	337304	0
370308	464072	465452	0
158919	140556	142046	1
132507	224975	225618	2
1001727	795148	795326	1
944266	710597	711452	0
950839	631682	633398	0
370308	132880	133308	0
290401	985106	985974	0
409378	458959	461652	0
654597	635998	636019	0
403237	827854	828258	0
255579	307322	307895	0
222181	995615	995910	2
255579	511380	512353	0
222181	554955	555320	0
244247	462492	464043	0
370308	933700	934390	0
403237	606541	607571	1
944266	833689	834834	1
244247	1511	3790	1
244247	944180	944266	0
290401	750612	751979	1
254307	901949	905208	1
290401	294941	296126	0
654597	399799	401960	0
255579	803744	804403	0
254307	532527	532626	4
94902	15385	16911	2
255579	12249	13330	0
222181	801830	802003	4
132507	217401	217610	1
403237	826660	827146	0
950839	266889	267886	0
244247	810533	810848	1
244247	1043649	1044951	1
659298	925042	925168	0
409378	92746	92829	0
222181	939875	942126	2
158919	143726	145254	1
145254	78994	81421	0
158919	540102	542285	0
255579	1000153	1000187	0
254307	922866	923615	0
255579	644646	646173	0
654597	491379	492068	0
244247	183587	184483	0
244247	420033	420469	0
1001727	363321	363419	0
244247	768134	768405	0
244247	209689	210869	0
158919	937903	942126	0
944266	291562	292738	0
370308	379090	379105	0
370308	855343	856857	0
944266	65594	67471	0
222181	651346	652401	0
659298	470068	470575	0
944266	205362	205624	0
145254	602201	607571	0
290401	415411	415924	0
1001727	169763	170646	0
654597	296860	297772	0
132507	918012	919539	2
255579	624439	624773	0
255579	14586	15228	0
403237	1016646	1018364	3
403237	534161	535002	0
403237	505227	505515	0
158919	292036	292738	0
290401	946600	946651	0
659298	722147	722433	0
370308	626495	627076	1
244247	85273	87060	0
290401	465086	465452	0
244247	38034	38145	0
244247	480126	480277	0
950839	51178	51185	0
1001727	856197	856857	2
370308	543857	545298	1
654597	604601	607571	0
950839	584046	584836	0
145254	206839	207609	0
254307	257779	257797	0
950839	471098	472226	0
132507	659493	662550	0
94902	1018972	1019868	0
145254	723983	724387	0
158919	188067	191401	0
944266	178982	179957	0
1001727	458458	461652	0
944266	155154	155559	0
145254	286243	287175	0
254307	1038944	1039150	0
654597	667567	669267	0
1001727	1016820	1018364	1
158919	487785	492068	0
290401	374299	374625	0
254307	846531	851350	1
409378	909321	909414	0
944266	54797	55604	0
254307	1032253	1039150	1
944266	5292	6426	0
403237	2132	3790	3
290401	963814	964417	0
94902	595400	596578	0
944266	821152	821616	0
290401	749556	750208	1
944266	650276	652401	0
290401	64599	67471	3
950839	584939	586117	0
1001727	69680	70085	2
370308	744823	744961	0
403237	45241	45960	0
950839	839145	839684	0
654597	467867	470575	0
244247	745196	745434	1
132507	507241	507747	1
244247	257753	257797	0
