fromId	keyId	targetId	timeout
168114	823895	827146	12
908372	656857	657225	1
638842	140865	142046	3
995491	607855	607909	4
168114	783855	785386	7
168114	328305	329327	0
638842	412393	413052	2
3041	571951	572536	0
696859	385895	387499	4
257797	140826	142046	0
984060	645891	646173	1
90370	176633	176813	0
984060	939002	942126	8
590546	179747	180469	7
215127	413606	414608	1
209004	273462	274989	0
638842	827193	828258	0
458316	447976	448841	1
458316	439221	439346	1
209004	586868	587390	0
168114	490531	492068	1
590546	30412	31961	0
984060	562269	562513	0
538579	847665	851350	0
908372	285985	287175	3
995491	508766	510670	1
1030193	490594	492068	1
538579	511349	512353	0
908372	168049	168114	0
3041	654420	654597	3
458316	966997	970485	3
215127	357427	359864	0
590546	1030221	1032148	1
995491	648908	650149	2
90370	904636	905208	0
238942	637941	638842	0
458316	558522	559477	1
638842	694294	695538	1
90370	862228	862978	0
209004	1019283	1020133	1
209004	536920	538118	1
995491	72402	73808	5
696859	122699	123198	0
1048453	754016	754708	5
538579	393911	394309	1
90370	160379	162563	1
696859	839075	839095	0
215127	739108	739285	3
696859	934753	935606	2
215127	93296	94002	1
215127	106730	106778	1
995491	8950	9550	0
908372	24386	27129	3
215127	243217	244119	0
215127	317996	319165	1
984060	805388	807477	2
215127	620199	622093	1
215127	933363	934390	7
908372	562612	563267	2
1030193	107178	110457	0
3041	998852	1000187	0
215127	48285	48391	3
3041	67470	68873	3
984060	122294	123198	2
538579	211291	211368	15
1048453	569966	571195	1
215127	761667	762251	4
696859	998340	1000187	1
696859	899423	899487	0
1030193	767291	767879	1
90370	12091	13330	0
215127	170866	171644	1
90370	555634	555642	0
908372	321087	323492	4
696859	139468	142046	1
1048453	864184	865765	0
984060	214286	215127	0
458316	962160	966144	3
908372	692720	693182	1
257797	115235	116703	1
238942	120986	123198	0
696859	840302	840560	0
1030193	352701	353698	3
984060	520151	521198	0
984060	544502	545171	0
257797	1039512	1042530	5
458316	651525	652401	5
696859	533702	533778	1
209004	271339	271850	0
984060	932608	934390	9
168114	405027	405815	1
458316	990263	991464	6
908372	1039182	1042530	2
215127	877988	878094	5
209004	355516	356213	0
90370	918217	920026	1
696859	422674	424541	1
590546	79566	81421	3
995491	222027	222181	0
995491	265856	266071	2
458316	737681	737744	0
820284	339054	339686	0
908372	512168	512353	2
90370	438552	439346	0
257797	141751	142046	0
696859	280707	281657	1
257797	839061	839095	2
1030193	337810	338304	0
538579	225213	225378	0
209004	314535	315068	1
209004	860268	860321	0
257797	256452	256585	0
638842	358889	359864	2
984060	938868	942126	8
538579	685774	689477	2
696859	823294	823465	2
257797	453755	455336	3
538579	432704	437421	2
90370	766936	767879	0
3041	249865	249946	1
590546	465900	467177	2
458316	485605	492068	1
1048453	1031076	1032148	4
590546	549551	549972	1
984060	211210	211368	0
820284	409795	413052	3
458316	1002838	1002967	6
3041	546536	546905	0
820284	646323	646610	0
1048453	894299	894583	0
590546	1014590	1018364	3
984060	541561	542285	0
458316	257928	258798	3
820284	286262	287175	1
1048453	781395	782147	8
908372	416586	417194	1
209004	8350	9550	2
995491	206342	207609	15
215127	430139	431308	0
590546	797086	799194	1
209004	404539	405815	2
168114	328810	329327	0
1048453	393591	394309	3
90370	152137	152478	2
1048453	296811	299782	1
238942	362723	365538	1
908372	291583	292738	2
257797	620167	622093	1
638842	332060	332157	1
257797	662895	664483	0
820284	527169	527493	0
257797	27870	28048	0
90370	782446	783276	2
168114	1010923	1012464	1
1030193	370400	371634	1
696859	1007840	1009650	1
238942	190540	193821	3
696859	300954	304639	0
696859	879553	880778	5
590546	296681	299782	8
3041	392465	394309	0
638842	788222	788853	0
1030193	679892	680935	0
168114	273993	274989	0
238942	499955	502601	2
908372	475067	476042	3
590546	380793	381101	4
238942	133705	135423	1
995491	406750	408160	3
638842	329512	330701	1
209004	920927	921851	0
238942	245197	245830	1
590546	768254	768405	2
538579	1031860	1032148	2
458316	126216	128401	7
458316	1032321	1039150	9
995491	160214	162563	1
257797	1019921	1020133	2
458316	524262	525184	0
908372	97918	99099	3
168114	583347	583792	0
820284	56163	58031	1
215127	330470	330701	1
638842	1009555	1009650	1
638842	188665	193821	3
1048453	664199	664483	2
1030193	498565	499381	1
215127	682053	682121	1
984060	916017	917216	1
696859	819064	820284	2
590546	271749	271850	4
638842	416026	417194	5
908372	748363	749409	6
638842	756716	762251	5
590546	202443	202941	2
638842	825836	827146	1
908372	695376	695538	0
