fromId	keyId	targetId	timeout
283843	2936	3790	1
727646	540283	542285	0
959083	1006244	1009650	0
727646	749474	750208	0
198450	64484	64515	1
465452	118719	119730	0
332598	769223	771016	1
261950	1024979	1025369	1
950468	606466	607571	0
959083	147730	149423	0
920607	826289	827146	3
905208	812501	815460	0
252008	505412	505515	0
198450	104567	104652	0
950468	590726	591324	0
226498	388809	389044	0
198450	341903	341916	0
226498	570773	571195	0
920607	985168	985974	1
261950	337046	337304	0
198450	406823	407397	0
226498	24246	27129	0
283843	250269	252008	0
252008	441285	441627	0
935606	41536	41679	3
226498	539239	542285	0
383225	64555	67471	0
261950	929365	929482	0
283843	279535	279679	1
198450	779896	780277	0
332598	467706	470575	0
935606	723781	724387	3
252008	956013	957165	0
198450	587741	589154	0
198450	292874	293288	0
216578	260698	261410	1
727646	453868	455336	0
959083	906353	908372	3
96511	439463	440160	0
261950	478453	479954	0
905208	570332	571195	2
959083	123318	125214	0
935606	1002432	1002967	0
905208	149561	149971	0
765652	251635	252008	0
765652	393436	394309	0
727646	893189	893659	2
283843	472208	472226	0
935606	1020412	1020859	0
765652	333136	334574	0
383225	367242	367336	1
332598	500270	502601	1
905208	483002	483867	0
216578	294255	294455	0
905208	896488	897487	1
332598	487751	492068	0
920607	650045	650149	0
935606	943767	944266	0
261950	779726	780277	0
1013078	841563	851350	2
96511	409427	409541	0
96511	221750	222181	1
959083	110561	111713	0
935606	701342	702175	4
920607	394463	397329	0
905208	427977	429707	0
727646	311706	312091	1
383225	101854	101892	1
96511	165282	166042	0
332598	183707	184483	1
283843	796842	798431	3
96511	289740	290401	1
216578	524492	525184	0
950468	106869	110457	1
935606	354332	356213	1
920607	23902	24233	0
383225	45782	45960	0
935606	839599	839684	2
727646	365453	365538	0
216578	366042	366918	0
716312	967369	969501	2
198450	392534	394309	0
332598	44824	45960	0
928731	90510	92257	1
950468	929402	929482	0
261950	611011	611271	0
959083	361466	363419	1
935606	469614	470575	0
96511	414040	414580	0
1013078	256134	256243	0
950468	876340	876946	2
765652	161902	162563	0
226498	12944	13330	0
1013078	809559	810428	0
765652	504506	505515	2
1013078	958188	958293	0
216578	461429	461652	0
216578	717502	719330	0
1013078	585743	586117	0
959083	434464	435554	0
383225	769152	771016	0
765652	40956	41679	3
383225	326561	327710	2
765652	941843	942126	0
959083	592627	596578	2
716312	515762	519666	2
727646	848585	851350	2
920607	251207	252008	1
261950	638005	638842	0
226498	871976	872105	0
96511	384878	385773	0
928731	93037	94002	0
96511	145708	149423	0
1013078	771876	772294	0
1013078	954229	954834	0
935606	712541	713286	3
216578	980142	984060	1
96511	570784	571195	0
465452	659944	662550	0
1013078	32825	33249	0
96511	615368	615704	0
959083	1018446	1019868	0
727646	625283	625555	1
920607	930480	931681	0
928731	987142	989899	0
905208	779854	780277	0
950468	215612	216445	1
216578	122883	123198	1
935606	268075	268770	1
226498	762072	762251	0
959083	962841	964417	0
216578	2394	3790	3
252008	159032	159133	0
216578	613887	615247	1
935606	756722	757484	2
959083	862902	862978	0
332598	510163	510670	1
261950	529603	531327	0
465452	97503	99099	0
465452	243723	244119	0
935606	934586	935606	0
716312	998891	1000187	0
765652	428849	429707	0
96511	320924	322260	1
226498	194694	195934	0
96511	1007303	1009650	0
96511	673298	673373	0
950468	742344	742859	0
905208	436048	437421	0
727646	1008413	1009650	0
727646	352741	353698	0
935606	662280	662550	1
727646	324965	326335	1
465452	547325	547526	0
935606	227932	228625	1
198450	126676	128401	0
383225	933943	934390	0
252008	785946	785971	0
935606	644503	646173	1
920607	657170	657215	0
928731	564472	571195	1
383225	970777	976853	1
1013078	261198	261410	0
332598	13203	13330	0
465452	232420	237647	0
716312	674839	676143	1
283843	489501	492068	0
905208	169505	170646	0
905208	253579	254307	0
252008	453060	455336	0
198450	477825	479954	0
959083	332649	332707	0
96511	522483	523537	0
216578	597396	598015	1
383225	289772	290401	0
920607	261393	261410	1
959083	172471	172509	0
959083	402426	402582	0
905208	791789	791933	0
920607	233562	237647	2
465452	12912	13330	0
383225	730300	730571	0
765652	106032	106778	0
935606	638723	638842	1
226498	117296	117898	1
198450	118285	118661	0
465452	372018	372033	0
332598	778545	780277	1
261950	243175	244119	0
283843	659210	659296	1
950468	363601	365538	0
332598	59301	60418	0
332598	279534	279679	0
765652	590345	590546	0
226498	785073	785342	0
950468	946561	946651	0
765652	371933	372033	1
