fromId	keyId	targetId	timeout
476042	812904	815460	3
664483	333089	334574	0
664483	822624	823465	0
207609	69062	70085	1
1042618	44575	45960	0
743096	399233	399305	0
966144	793866	795326	1
664483	540382	542285	0
294455	964538	966144	0
207609	706999	707032	0
230416	602264	607571	0
409102	902071	905208	0
329404	611128	611271	0
893659	364160	365538	1
294455	746064	750208	2
397329	581577	583792	0
255675	828693	830743	0
397329	213387	213739	2
893659	477350	479954	0
409102	403457	404091	0
476042	775374	776080	2
743096	173581	175354	1
397329	826233	827146	3
255675	335839	337304	0
409102	895593	896184	0
719330	197819	198450	0
397329	230948	231449	3
230416	224812	225618	3
409102	1008683	1009650	0
741908	15418	16911	2
409102	348881	349547	0
719330	949067	949586	0
255675	771660	771689	1
294455	516963	519666	1
397329	546265	546905	0
230416	764665	765652	0
397329	748045	750208	3
207609	751286	751979	0
966144	656305	657215	0
944455	204250	205624	0
255675	520277	521198	0
264035	189143	191401	1
893659	627532	629887	1
448841	683288	683826	2
230416	663100	664483	0
944455	745822	750208	1
1042618	769822	771016	1
230416	559226	559477	1
294455	168538	170646	0
664483	941127	942126	0
741908	212688	213739	3
944455	955398	957165	0
893659	171261	171644	0
476042	441951	442735	0
966144	217627	218544	2
255675	146165	149423	0
476042	524592	525184	0
476042	236877	237647	1
664483	59604	60418	0
893659	141339	142046	0
448841	981623	984060	4
966144	393450	394309	0
664483	925415	926567	0
397329	826035	827146	3
409102	895440	896184	0
294455	426947	429707	0
329404	909884	910106	0
329404	148931	149423	0
230416	627803	629887	0
207609	735963	737744	0
397329	418455	420469	1
664483	340231	341916	2
1042618	445901	446573	0
741908	987780	989899	0
476042	424483	424541	0
476042	555295	555320	0
743096	63943	64312	1
294455	298944	299782	0
294455	417313	418391	1
476042	509344	510670	0
294455	640440	641274	0
409102	523304	523537	0
966144	970714	976853	1
664483	242485	243146	0
1042618	941399	942126	0
476042	941286	942126	1
329404	123523	125214	0
448841	970327	970485	4
264035	600360	607571	0
944455	493468	495042	0
1042618	5261	6426	0
1042618	170969	171644	0
230416	183217	184483	1
664483	686703	689477	1
294455	1008901	1009650	0
230416	770602	771016	0
743096	718908	719330	1
966144	854500	856857	0
153643	131030	131196	1
255675	348234	348855	0
741908	288806	288828	0
448841	236823	237647	4
329404	716102	716312	0
448841	83052	83976	3
719330	799998	802003	0
207609	448954	449203	0
448841	539828	542285	0
255675	119591	119730	0
719330	94910	95908	1
893659	335782	337304	0
944455	728759	728810	0
719330	406327	406544	0
255675	531239	531327	0
476042	961594	961734	1
664483	612826	615247	1
397329	956751	957165	0
230416	610545	611271	0
741908	736058	737744	3
153643	969354	969501	1
944455	144789	145254	0
664483	92163	92257	0
153643	242110	242213	0
719330	985040	985974	4
944455	445350	445869	0
409102	897191	897487	0
664483	1002293	1002967	0
448841	904477	905208	2
476042	355316	356213	0
294455	126075	126237	0
476042	684995	689477	0
329404	218405	218544	0
448841	723148	723648	0
230416	359670	359864	0
264035	841216	851350	3
1042618	729344	730571	0
664483	201514	202941	0
966144	546802	546905	2
153643	725719	727116	4
230416	211381	211654	2
294455	671983	672032	0
255675	210024	210869	0
409102	736756	737744	0
448841	825624	825642	0
664483	258660	258968	1
1042618	562988	563176	0
409102	857014	857129	0
153643	42672	43174	1
966144	866262	866689	0
264035	98	3790	1
264035	1007265	1009650	0
264035	769484	771016	0
1042618	674504	676143	1
207609	1022139	1023379	1
664483	775036	776080	0
966144	407006	407397	0
743096	350198	352020	1
448841	947692	949586	2
1042618	405112	405815	0
230416	191472	192665	1
664483	731574	732039	0
230416	28418	31961	4
448841	984277	984393	3
294455	404644	404809	1
397329	680692	682121	1
409102	495981	498420	1
893659	373035	374625	0
664483	494950	495042	0
329404	481642	481797	0
741908	872677	873236	0
329404	231052	231449	2
153643	528588	528802	0
476042	64141	64312	2
664483	808083	810428	0
719330	477872	479954	0
153643	158730	158919	0
207609	910097	910106	0
893659	913966	914893	0
230416	435972	437421	1
893659	328121	328277	0
448841	614190	615247	1
409102	589315	589565	0
329404	216744	216883	0
255675	252999	254307	1
294455	828116	828258	0
1042618	513702	513972	0
741908	268174	268770	0
448841	505658	506330	2
448841	195405	195934	1
255675	486446	487557	0
409102	506924	507083	0
743096	879035	880570	0
397329	65550	67471	0
893659	64435	64478	0
743096	911481	912394	0
966144	372427	374625	0
448841	440971	441627	1
719330	999308	1000187	4
