fromId	keyId	targetId	timeout
976853	445190	445869	13
142276	264284	264473	15
614437	559915	561988	8
101928	89110	90093	10
222975	761177	762251	2
23146	334809	338304	1
101928	457777	458000	0
308939	912408	914893	3
534025	110699	111713	0
614437	517941	519666	3
308939	647630	648336	10
23146	49274	50882	0
101928	526672	528802	11
23146	593090	598015	5
23146	415592	418391	5
23146	137302	137461	5
614437	474282	475598	7
534025	445327	445869	7
222975	532612	532626	6
976853	838593	839000	27
308939	502998	503721	3
614437	186397	193821	14
142276	203034	204141	4
23146	835158	835390	5
101928	965296	966144	26
142276	605086	607571	4
222975	238657	238942	0
101928	61497	63849	3
142276	453127	455336	3
534025	148603	149423	5
222975	888914	892206	8
614437	748219	749409	11
142276	754382	762251	7
222975	308333	308939	5
23146	691291	694184	12
142276	86584	90093	12
308939	802802	804403	8
534025	862579	865765	4
534025	731097	739081	8
976853	104947	106939	16
101928	733304	739081	7
23146	505255	505997	6
23146	296882	297772	0
308939	63671	63849	0
222975	808179	810848	3
101928	93480	94902	12
222975	880663	892206	20
222975	734004	739081	15
614437	476002	476082	7
614437	854205	856857	0
614437	829640	832532	1
614437	289886	290401	2
23146	224520	225378	0
976853	351898	353698	18
142276	834863	835390	0
142276	961710	966144	28
308939	259031	260422	3
23146	619214	624773	6
976853	402538	403237	12
976853	251482	255421	13
23146	1043299	1043581	8
222975	410869	411540	5
308939	650423	652401	9
101928	412321	413052	6
614437	868782	872105	5
222975	695181	695538	9
614437	876186	877936	3
614437	862449	865765	2
222975	297204	297772	6
534025	1006931	1009650	6
23146	121581	123198	5
23146	736478	739081	6
101928	638701	640199	9
534025	1034967	1040759	7
142276	726963	727646	2
23146	649232	652401	8
534025	114632	114787	0
534025	89174	90093	1
101928	24163	24233	1
534025	188914	193821	5
101928	722845	723648	3
308939	143823	149423	3
614437	64708	67678	5
614437	109096	110457	12
101928	257220	257489	4
534025	800890	802003	0
222975	946891	947266	3
101928	883169	892206	17
222975	887067	892206	8
976853	674774	676138	2
976853	84737	90093	6
101928	751680	751979	4
222975	954065	954834	14
534025	239408	242213	10
23146	266025	266680	4
976853	600880	607571	4
308939	633951	634784	6
222975	454997	455336	0
142276	479617	480277	8
101928	569892	570375	14
534025	1037408	1040759	6
142276	286963	290401	10
534025	56815	58031	6
614437	440934	441627	9
101928	1003424	1005439	7
308939	291069	292738	3
614437	588259	589154	5
976853	995785	995910	0
101928	1047475	3041	4
614437	250106	255421	7
308939	351069	353698	3
308939	871407	872105	0
976853	802004	804403	24
308939	820075	821616	9
142276	680677	680935	0
23146	830254	832532	6
614437	688275	691286	4
534025	502795	503721	7
534025	552158	553941	0
101928	471249	472812	1
614437	209793	210869	7
23146	910838	912394	14
534025	387463	388598	9
101928	302105	306706	5
222975	1039186	1040759	1
23146	918983	919539	9
534025	216190	216883	5
222975	297402	297772	6
976853	730896	739081	8
23146	237920	238942	0
976853	699526	700300	6
614437	1043489	1043581	2
614437	645244	646173	0
534025	630899	630942	0
976853	861230	861378	7
142276	204330	207609	5
222975	172356	173024	6
308939	324662	332157	9
534025	835664	838284	3
308939	187744	193821	7
142276	12012	16911	5
222975	397876	401960	7
614437	134607	134778	9
101928	852250	852858	4
142276	340907	341078	11
222975	558973	559477	2
142276	734692	739081	5
308939	554979	555320	8
308939	336438	338304	2
976853	925021	926831	9
976853	351817	353698	18
614437	49044	50882	4
142276	919833	920026	1
222975	1004313	1005439	4
976853	235590	237647	13
142276	1028372	1030193	5
614437	28369	31961	8
534025	57772	58031	5
614437	150391	152478	9
976853	952890	954834	8
142276	723974	724387	0
142276	197989	198450	3
101928	983988	984060	4
976853	640233	641666	4
23146	607611	607909	4
222975	82530	83034	6
101928	981020	983382	4
101928	526845	528802	9
222975	80850	81597	8
222975	586601	589154	3
23146	353607	353698	11
142276	11154	16911	5
23146	871846	872105	10
101928	484917	492068	3
534025	424425	424541	7
614437	376601	376922	2
534025	507691	507747	8
976853	603237	607571	4
23146	410426	410762	3
222975	931860	932232	3
222975	931021	931681	2
142276	286539	290401	10
101928	993986	995910	7
534025	8058	9550	5
142276	612924	614437	3
101928	282333	285454	4
534025	157519	157920	5
222975	160992	162563	8
976853	762812	765652	18
534025	258243	258798	6
222975	12698	16911	9
614437	50387	50882	4
222975	373435	374625	0
308939	667105	667260	7
222975	373336	374625	0
23146	83500	90093	18
142276	38873	39534	4
