fromId	keyId	targetId	timeout
379105	89211	89563	0
379105	931381	931681	0
671525	1041510	1042530	2
559477	405633	405815	0
671525	518604	519666	0
3790	419246	420469	0
50882	168212	168232	1
1026318	328333	329327	0
909414	987539	989899	0
671525	710945	711452	0
559477	997094	1000187	1
359864	595318	596578	0
654959	124481	125214	0
961350	59214	60418	0
909414	191561	192665	0
50882	971647	976853	2
472226	811144	811796	0
341916	840284	840560	2
359864	130766	131196	1
472226	973471	976853	1
1026318	28827	31961	1
654959	359858	359864	0
3790	478788	479954	0
341916	225677	225712	0
50882	628789	629887	0
341916	683054	683826	0
961350	392914	394309	0
1029343	608009	608892	0
559477	363542	365538	0
961350	836380	836655	0
202941	203295	204141	0
654959	207680	208458	0
359864	74490	76091	0
341916	490235	492068	1
559477	213099	213739	2
1029343	346740	348855	0
50882	900056	905208	0
654959	647397	647567	0
559477	856953	857129	2
992878	891665	892206	0
896184	86300	87060	0
173024	760	3790	1
559477	658275	658390	0
961350	125228	125371	0
173024	703235	703408	0
961350	69135	70085	0
961350	310224	312091	0
379105	322997	323492	0
173024	455611	455820	0
472226	837670	838284	0
472226	625107	625158	0
50882	544316	545298	1
1029343	6148	6426	0
379105	992621	992878	1
896184	416400	417194	0
202941	279648	279679	0
359864	304868	306076	0
896184	573633	578227	1
671525	131375	131811	1
472226	1017580	1018364	0
50882	553624	553941	1
1029343	214175	215323	3
671525	890366	892206	0
992878	184273	184483	0
202941	819503	820284	2
50882	875106	875647	0
671525	704039	706307	0
3790	869240	869327	0
379105	675329	676143	1
173024	103993	104652	0
896184	612138	615247	2
992878	604480	607571	0
1026318	594446	596578	1
379105	883399	885022	0
559477	75483	76091	0
961350	476495	477345	0
992878	371057	371634	0
341916	293820	294083	0
961350	732619	732869	0
173024	53464	54609	0
3790	527686	527965	1
1026318	975788	976853	0
671525	693999	694184	0
379105	853350	853530	0
961350	706541	707032	0
671525	723972	724387	0
341916	447396	448841	0
896184	966439	969501	0
3790	437999	438344	0
341916	152893	153643	1
1029343	822912	823465	0
992878	688710	689477	0
50882	116185	117075	1
671525	370102	370171	0
3790	293794	293817	0
671525	276436	277634	1
559477	644365	646173	0
1029343	508074	510670	0
379105	505385	505515	0
961350	783795	785342	0
50882	585872	586117	0
379105	404472	404809	0
961350	484845	487557	0
1029343	574035	578227	0
1029343	184428	184483	0
359864	754382	754708	0
559477	20997	24233	3
3790	406051	406102	0
1026318	347860	348855	0
671525	740855	741908	0
1026318	95208	95908	0
202941	462962	464043	0
341916	225739	225996	0
1029343	544425	545298	1
896184	287664	288828	0
472226	1620	3790	3
1029343	619981	622093	0
559477	749354	750208	1
202941	446658	448841	0
1029343	777706	778081	0
3790	686006	689477	0
992878	811196	811796	0
992878	720682	722433	0
379105	202390	202941	0
3790	279536	279679	0
3790	524153	525184	1
909414	707402	707559	0
1026318	6567	7207	0
359864	190403	191401	0
472226	73734	73808	3
1029343	966679	969501	1
3790	573102	578227	0
559477	641553	641666	0
1029343	5084	6426	0
3790	952433	953197	0
202941	633522	634784	0
896184	252294	254307	0
1029343	482316	483867	2
896184	55598	55604	0
559477	327492	327710	0
992878	110362	110457	0
379105	508924	510670	1
1029343	924323	924455	3
50882	729701	730571	0
3790	558763	559477	1
472226	277203	277634	3
359864	773639	774028	0
202941	459070	461652	0
379105	487239	487557	0
671525	553682	553941	2
3790	950770	950839	0
341916	790178	790293	1
654959	743143	743657	0
896184	1045057	1045819	0
202941	644646	646173	0
3790	92337	92829	0
202941	159559	160878	0
1029343	978888	979430	1
559477	234806	237647	1
472226	198014	198450	0
654959	971808	976853	2
654959	563679	571195	1
472226	798337	798431	0
559477	86655	87060	0
654959	618019	618091	0
654959	1020499	1020859	2
559477	488781	492068	0
359864	877983	878094	0
173024	103434	104652	0
359864	583945	584836	0
379105	724891	727116	0
671525	490058	492068	0
379105	261037	261410	0
202941	216735	216883	0
992878	216839	216883	0
992878	265766	266071	0
359864	804931	806794	0
359864	797538	798431	0
1026318	58933	60418	0
1026318	13422	13480	0
909414	914220	914893	0
359864	723082	723648	0
896184	200873	202941	1
379105	561240	561988	2
909414	376186	376315	1
1026318	555033	555320	0
3790	48327	48391	0
992878	556248	557683	0
961350	358846	359864	0
992878	312364	313252	0
559477	596799	598015	0
961350	219128	221072	0
961350	237846	238986	2
1026318	317955	319165	0
3790	40681	40759	0
341916	461491	461652	0
671525	937603	937784	0
