fromId	keyId	targetId	timeout
542285	73441	73808	5
255555	49165	50882	0
104652	421255	422017	0
942357	124887	125214	1
255555	693554	695538	2
104652	22193	23146	1
247089	232825	237647	2
786315	545877	546016	0
464043	35256	35893	0
414608	470414	470575	0
942357	667756	669267	0
255555	901755	905208	1
414608	160938	162563	0
125371	262176	263199	0
104652	1008636	1009650	1
464043	85444	87060	2
104652	962765	966144	2
942357	904193	905208	0
934390	957201	958104	0
786315	844768	851350	1
650149	563764	571195	7
104652	103521	104652	0
83034	339053	339686	1
125371	180809	181588	0
464043	484556	492068	3
414608	383492	383969	0
104652	950913	952167	1
83034	698970	700385	6
255555	814305	815460	3
542285	749579	750208	0
464043	368437	368460	3
804532	1006610	1009650	0
786315	86137	87060	1
827146	993436	994191	0
786315	373056	374625	2
942357	363227	365538	1
83034	949239	949659	6
650149	155153	155606	3
414608	373856	374625	0
104652	28651	29965	1
414608	340398	340970	1
542285	167382	168114	2
464043	446538	446573	4
786315	990121	991464	3
247089	579270	581096	0
92257	322073	323492	2
949877	696475	696859	1
650149	783879	785386	1
542285	819550	820284	0
934390	1035497	1039150	3
934390	251986	252008	0
542285	113138	113664	4
804532	628870	630942	2
83034	496615	497083	1
942357	1037617	1039150	0
464043	204626	207609	7
255555	661156	662550	0
827146	492671	492906	0
464043	859946	860219	0
125371	83470	83976	3
414608	768863	768902	1
949877	521723	523537	3
83034	945847	946242	6
104652	728352	728810	6
827146	283737	283843	0
125371	300803	300832	0
827146	895791	896278	1
414608	525472	526807	3
934390	649757	650149	1
949877	964716	966144	0
827146	997129	1000187	0
542285	363725	365538	1
414608	257803	258798	2
934390	406520	406544	3
949877	775484	776080	3
125371	728089	728810	1
464043	974813	976853	1
942357	1021316	1023379	0
949877	410671	413052	3
464043	668699	669267	0
804532	581490	583792	0
414608	587342	587390	0
92257	213269	213321	1
804532	67033	68873	7
542285	785861	786315	2
414608	783991	785386	1
934390	1041092	1042530	2
804532	244002	244119	1
92257	413180	414608	1
255555	318439	319165	0
827146	1010413	1012464	0
786315	1045671	1045819	4
414608	217675	218544	1
255555	34915	35030	0
934390	995181	995491	1
247089	634983	636019	1
827146	64538	68873	3
827146	815949	816250	5
414608	777012	778081	0
542285	453850	455336	2
934390	904691	905208	3
542285	801271	802003	0
247089	271258	271850	2
255555	742606	742859	0
92257	811007	815460	1
247089	327986	328277	5
255555	710063	712247	1
934390	142521	142598	1
542285	81058	81421	5
949877	528085	528294	2
83034	862081	862978	5
827146	253677	254520	1
934390	586639	587390	1
542285	474428	474961	2
104652	685700	689477	6
804532	825897	827146	0
247089	785527	786315	2
942357	742822	742859	2
464043	986351	989899	2
92257	529664	532626	5
83034	834514	834834	8
92257	394457	397329	0
247089	460316	461652	3
83034	814938	815460	5
92257	620538	622093	0
255555	704993	706307	0
542285	268698	268770	2
650149	528173	528294	3
934390	49541	50882	4
934390	360676	365538	3
542285	536138	538118	3
542285	425621	429707	4
255555	993166	994191	4
827146	320555	323492	3
255555	426454	429707	0
650149	905433	905962	0
650149	809959	810740	1
650149	489010	492068	5
414608	797851	799194	1
934390	299112	299782	4
949877	894667	896278	2
92257	54336	58031	7
255555	115458	116703	0
414608	119696	119730	1
650149	997776	1000187	4
650149	973516	976853	3
827146	1013510	1018364	6
786315	379523	381101	3
827146	15576	23146	2
125371	53995	58031	7
125371	907422	908372	0
827146	696474	696859	2
942357	840070	840560	2
83034	409186	409236	3
942357	148460	149423	2
414608	437478	437924	2
542285	202956	207609	20
804532	913836	913882	0
949877	852309	852858	1
414608	286815	287175	1
949877	818427	820284	4
827146	960161	960789	0
949877	635099	636019	2
650149	810840	810848	0
786315	566401	571195	2
104652	486730	492068	4
104652	370793	371634	0
949877	756211	762251	5
247089	491090	492068	3
414608	271056	271850	2
247089	968300	970485	1
125371	177495	177600	0
414608	735639	737744	2
650149	982127	984060	4
650149	679098	680935	0
786315	880950	882152	3
125371	573087	578227	1
786315	996975	1000187	3
104652	365436	365538	0
92257	1036958	1039150	1
949877	393901	394309	4
92257	507065	507083	2
125371	1001696	1001727	3
464043	75397	76909	3
542285	722018	722433	0
804532	839702	840560	0
92257	953549	954834	6
804532	934827	935606	0
255555	106485	106778	0
650149	570606	571195	7
464043	372890	374625	4
827146	401786	402288	2
942357	426480	429707	0
255555	199005	199265	5
827146	17309	23146	1
804532	650852	652401	0
83034	548658	549972	1
