fromId	keyId	targetId	timeout
533778	1029943	1030193	5
476082	530819	531849	3
533778	689701	691286	6
476082	114574	114607	7
555320	445615	445869	1
555320	906521	907033	6
267886	546115	553941	22
413052	824378	825407	0
752709	967859	969501	26
413052	575783	578227	3
555320	774812	778081	23
267886	444731	445869	5
255421	831260	832532	0
481797	796185	796204	5
555320	566170	570375	0
555320	715736	715899	5
555320	301793	306706	3
255421	684922	691286	7
481797	278060	281657	3
752709	86243	90093	15
255421	500412	502601	1
555320	1002589	1002967	2
476082	655791	657225	4
413052	654295	654959	12
476082	443408	445869	8
245695	579222	583792	1
476082	66940	67678	13
533778	846568	851350	2
481797	798108	798431	6
413052	522088	522408	1
245695	636200	640199	5
476082	437804	437880	7
752709	122448	123198	3
481797	971243	973996	6
245695	390437	391364	0
476082	623249	624773	0
267886	192198	193821	7
555320	215752	216883	16
255421	497922	498420	1
255421	184269	185445	6
476082	385321	385773	7
555320	112885	114607	1
481797	791592	791933	5
481797	366782	367336	1
267886	878928	892206	22
245695	986345	991799	3
533778	663684	665442	4
245695	228529	228625	9
555320	203982	204141	15
255421	679609	680935	3
255421	842297	851350	2
413052	166503	168361	3
481797	53090	54609	8
267886	66345	67678	5
245695	462817	465452	1
555320	699140	700300	4
267886	383330	385773	16
267886	64752	67678	5
752709	222480	222975	16
533778	583714	583792	0
752709	754252	762251	4
255421	704511	707032	5
752709	694648	695538	3
245695	685393	691286	4
267886	900667	905208	1
413052	14478	16911	5
533778	43807	48391	1
267886	1002132	1002967	9
752709	15972	16911	4
413052	22307	23146	5
555320	578852	583792	2
255421	879809	892206	22
476082	1020381	1020859	10
255421	16942	23146	1
481797	542816	553941	25
533778	670975	671293	2
413052	353191	353698	13
481797	469463	470575	5
245695	992735	995910	3
476082	1000762	1002967	10
481797	478339	480277	5
481797	133604	134778	8
752709	770815	771016	0
255421	969161	969501	27
255421	442484	442735	12
413052	943360	944455	7
245695	455501	457146	1
481797	897947	899487	10
245695	452146	455336	0
413052	709028	711452	2
481797	67597	67678	9
245695	846202	851350	2
555320	480609	481797	2
255421	192546	193821	7
413052	434798	437421	3
752709	66619	67678	3
555320	446198	446573	1
413052	241895	242213	4
255421	309295	309308	4
267886	743319	744681	10
555320	535679	538177	5
413052	303397	306706	9
533778	98270	99099	0
481797	754506	762251	5
245695	1011367	1012464	0
245695	393330	401960	5
533778	842658	851350	3
555320	136977	137461	4
413052	768567	771016	5
255421	310229	313252	6
267886	144077	149423	9
476082	449306	450080	7
255421	673526	673538	3
555320	615406	615704	0
555320	220248	221165	15
255421	285069	285454	0
413052	966701	969501	29
555320	891926	892206	7
476082	282270	285454	11
255421	74362	76091	11
255421	967205	969501	27
255421	214736	216883	10
555320	1020425	1020859	2
476082	865517	865765	7
476082	913718	914893	13
413052	236422	237647	4
267886	651717	652401	11
555320	96486	99099	29
533778	24026	24233	0
533778	612255	614437	0
476082	884710	892206	20
555320	822370	823465	0
267886	302286	306706	4
245695	250123	255421	5
533778	385846	388598	7
533778	867715	872105	8
245695	63463	63849	6
481797	129977	131196	7
555320	666299	666514	1
413052	986320	991799	7
533778	418395	420469	1
555320	95119	99099	31
267886	531150	531849	9
476082	439549	441627	9
533778	595046	598015	1
476082	277144	277634	10
267886	24841	27453	5
413052	164018	168361	5
255421	601426	607571	2
245695	952402	954834	17
555320	503612	503721	1
245695	346894	349547	5
481797	183181	185445	8
555320	121135	123198	1
533778	189616	193821	5
481797	22779	23146	0
255421	105614	106939	15
267886	469501	470575	5
481797	300355	306706	4
255421	183656	185445	6
752709	760427	762251	2
533778	686085	691286	7
533778	379236	379940	4
413052	250184	255421	15
555320	677689	679061	2
481797	420889	422017	3
255421	838807	839000	1
476082	875241	877936	10
413052	638688	640199	7
533778	754207	762251	19
413052	845402	851350	3
267886	746953	749409	18
752709	737283	739081	3
267886	369384	372033	19
752709	1034083	1040759	6
752709	644901	646173	0
555320	974319	976853	3
476082	385607	385773	7
752709	907087	908372	7
533778	501916	502601	3
255421	865007	865765	1
555320	122559	123198	1
481797	11141	16911	6
555320	448915	450080	2
481797	520592	522408	3
476082	33538	34514	11
476082	1042193	1042530	13
413052	245813	248234	7
267886	447020	448841	5
533778	772381	774028	20
413052	946004	946150	6
481797	953461	954834	16
255421	97016	99099	14
255421	600942	607571	2
267886	109705	110457	18
481797	905384	907033	10
533778	583708	583792	0
