fromId	keyId	targetId	timeout
409236	571981	572536	0
636019	126195	128401	1
294083	1016118	1018364	5
535002	413659	414608	1
225378	233377	237647	0
225618	272829	273352	0
274989	635932	636019	3
1032148	140914	142046	3
294083	223514	225378	3
294083	413009	413052	1
583792	484173	492068	5
636019	667742	669267	0
225618	388332	388514	0
274989	165398	166042	2
274989	236120	237647	2
274989	97706	99099	2
1032148	758004	762251	3
583792	498754	499381	5
636019	197358	197477	2
609544	529790	532626	5
495341	176860	177231	2
225618	86886	87060	1
535002	655716	657225	3
294083	126877	128401	3
225618	469800	470575	1
1032148	253071	254520	1
1032148	277572	277634	0
1032148	1014032	1018364	4
495341	760374	762251	4
40759	539184	542285	0
294083	933878	934390	4
535002	229748	229784	0
225618	429828	431308	1
1032148	122976	123198	0
535002	345471	346588	1
527493	661775	662550	0
274989	935634	935927	1
409236	946120	946242	2
527493	177171	177231	1
535002	717100	719330	3
583792	765415	765652	2
274989	345995	346588	0
609544	337027	338304	2
535002	5614	6426	8
294083	507478	507747	1
495341	633326	633398	0
225378	152245	152478	1
636019	854225	856857	0
1032148	422589	424541	2
527493	464404	467177	3
527493	812474	815460	0
609544	713490	716312	5
294083	307805	308324	1
225378	350469	352613	2
527493	662947	664483	0
1032148	264859	265451	0
409236	523094	523537	0
40759	320296	323492	3
274989	668677	669267	3
583792	439861	440160	3
274989	256477	256585	2
225378	834040	834327	0
609544	101842	102123	2
40759	693880	695538	5
40759	641682	643586	3
527493	743054	743096	0
609544	270232	271014	0
225618	443011	443284	1
225378	68604	68873	1
1032148	67811	68873	0
294083	501408	502601	1
274989	414058	414608	1
535002	487958	492068	0
609544	596618	598177	1
495341	873584	875647	10
636019	487980	492068	2
294083	79436	81421	9
495341	465497	467177	6
40759	86683	87060	0
495341	794475	794879	5
274989	423215	424541	2
409236	524536	525184	0
225618	384783	385773	0
225378	601704	607909	4
1032148	732609	737744	4
609544	234367	237647	0
294083	276159	277634	3
583792	1014688	1018364	8
535002	646122	646173	2
527493	495734	497083	1
1032148	559090	559477	0
225618	909909	910106	0
294083	264593	265451	3
40759	150712	152478	3
1032148	27599	28048	1
527493	98376	99099	1
636019	884437	885022	1
225378	521629	523537	2
225378	2163	3041	0
527493	700686	702175	2
535002	338824	339686	0
294083	381010	381101	0
409236	201116	201347	1
535002	199019	199265	1
609544	454524	455336	0
294083	818791	820284	3
609544	219163	221072	0
495341	653642	654597	0
294083	690670	690857	2
609544	795458	796204	5
583792	265439	265451	2
583792	718377	719330	4
609544	118710	119730	0
609544	948852	949659	1
225378	792343	794879	0
527493	829195	830743	0
636019	17970	23146	2
40759	1036194	1039150	2
1032148	295922	296126	2
40759	888475	889666	3
225378	378204	378843	1
535002	55583	58031	2
527493	948388	949659	1
225618	950430	950468	3
225378	174387	175354	0
274989	684548	689477	0
409236	997985	1000187	2
225378	313236	314036	1
1032148	708363	712247	2
294083	981929	984060	6
409236	972221	976853	3
225618	914973	915149	0
535002	430078	431308	1
1032148	205124	207609	1
294083	412472	413052	1
495341	100737	102123	10
1032148	736854	737744	3
294083	887629	889666	3
495341	217561	218544	6
495341	490682	492068	5
294083	338891	339686	0
225618	492336	492527	0
225378	366264	366918	0
225378	787291	788853	0
225378	274042	274989	0
1032148	666870	667260	0
527493	472720	472812	1
583792	244233	244247	2
274989	215036	215127	17
535002	981858	984060	6
294083	600479	607909	5
40759	364686	365538	0
1032148	300681	300832	2
294083	578023	578227	3
225378	64804	68873	3
274989	894487	894583	0
294083	888163	889666	3
583792	384740	385773	3
294083	90059	90093	9
1032148	144901	145254	4
225618	851517	852003	2
609544	522621	523537	2
495341	367664	367995	2
535002	925031	927250	7
40759	572711	578227	4
527493	354665	354873	1
609544	409835	413052	3
225618	174478	175354	0
527493	395146	397329	1
527493	68761	68873	3
609544	721459	722433	2
225618	808422	810740	1
495341	928125	928731	1
40759	978854	984060	5
40759	22125	23146	2
274989	518540	519666	1
527493	882917	883083	1
527493	245865	247089	1
274989	346927	349547	1
40759	558039	559477	1
583792	539703	542285	5
609544	720820	722433	2
409236	850963	851350	0
495341	246643	247089	2
636019	870529	872105	1
40759	167352	168114	1
294083	27534	28048	5
409236	457849	458316	1
225378	933888	934390	0
225378	817288	820284	2
274989	430218	431308	0
609544	830111	830743	2
409236	364437	365538	2
609544	155400	155606	1
225618	522571	523537	0
274989	209794	210869	17
40759	175225	175354	0
