fromId	keyId	targetId	timeout
609989	10307	10639	1
1012464	618665	622093	0
526807	557142	557683	1
609989	968397	969501	0
856857	123660	125214	0
73035	535939	538118	0
71283	515128	515586	0
507083	930328	931681	0
744095	168845	170646	0
309817	417889	418391	0
170646	174726	175354	0
114607	1019898	1020133	1
507083	442558	442735	0
832999	815923	816250	0
391364	363186	363419	0
782147	161610	162563	0
1012464	680855	682121	2
768040	452797	455336	0
71283	599382	607571	0
309817	718959	719330	1
609989	655043	655085	0
309817	259607	260029	2
472812	759490	761194	0
1012464	1020843	1020859	0
768040	275911	277634	2
472812	277435	277634	3
768040	773196	774028	0
170646	588047	589154	2
170646	324325	326335	0
744095	1023596	1024057	0
114607	688267	689477	0
507083	722266	722433	0
507083	286772	287175	0
170646	104680	106778	0
221072	282036	283843	1
657790	197926	198450	0
418391	700755	702175	1
609989	367524	367995	0
832999	916929	917216	3
856857	784602	785342	1
309817	264846	265451	2
609989	776616	778081	0
309817	509871	510670	0
391364	1031348	1032148	3
774308	480929	481797	0
832999	1001986	1002268	0
507083	665808	666514	0
1012464	330475	330701	1
309817	405470	405815	0
221072	24063	24233	0
782147	327616	327710	0
472812	1046636	1048453	2
71283	514148	515586	0
73035	921578	921851	0
309817	241388	242213	3
309817	681639	682121	1
657790	291921	292738	0
170646	763142	765652	0
71283	934251	934390	2
657790	754013	754708	0
391364	765001	765652	0
768040	931948	932103	3
114607	702566	703408	0
782147	731615	732039	0
221072	692308	693176	1
774308	709314	711452	1
472812	49591	50882	3
114607	593797	596578	0
744095	382263	383205	0
609989	876094	876946	0
472812	906306	908372	1
391364	33671	34514	0
309817	466206	466721	0
856857	72436	73035	0
418391	598251	598294	0
744095	13870	15228	0
73035	933788	934390	0
391364	219808	221072	1
609989	735320	737744	2
609989	55187	55604	1
114607	799485	802003	0
526807	240623	241047	2
1012464	459406	461652	1
114607	480516	481797	0
832999	353913	356213	1
832999	367566	367995	0
1012464	242200	242213	1
609989	722181	722433	1
418391	26513	27129	0
774308	172754	173024	0
507083	631401	633398	0
73035	962627	964417	2
170646	889733	892206	0
768040	673050	673373	0
309817	86344	87060	2
609989	820094	820284	0
391364	211683	212676	0
1012464	420836	421167	1
71283	421242	422017	0
114607	694271	694821	0
856857	267298	267886	0
657790	665875	666514	0
73035	229554	229784	0
782147	356066	356213	1
768040	852368	852858	0
309817	690865	691286	1
418391	730315	730571	1
472812	689287	689477	0
507083	873274	873920	0
657790	658186	658390	0
774308	449090	449203	0
856857	986088	986431	1
744095	490305	492068	0
71283	671135	671293	0
418391	123774	125214	0
526807	624165	624773	1
782147	117079	117154	0
526807	415368	415924	1
391364	813774	815460	0
73035	945558	946150	0
507083	123188	123198	0
782147	450342	451797	0
782147	198320	198450	0
856857	434197	435554	0
391364	56095	57763	0
609989	252055	254307	0
856857	494889	495042	0
507083	761543	762060	0
71283	128873	131196	0
114607	329994	330701	0
1012464	404214	404809	1
774308	149687	149971	0
170646	492957	495042	0
657790	431492	432312	0
221072	714552	715133	1
744095	592448	596578	0
418391	968103	969501	1
170646	151838	152478	0
782147	194767	195934	0
418391	321086	322260	0
418391	376287	376315	0
856857	327453	327710	0
114607	295924	296126	0
774308	38798	39534	0
782147	126504	128401	0
526807	51168	51185	1
832999	381055	381101	0
782147	503526	503721	0
609989	191169	191401	1
73035	217394	217610	0
114607	190864	191401	0
782147	740741	741908	0
768040	846169	851350	1
309817	684858	689477	1
221072	783216	785342	1
768040	680951	682121	0
221072	995295	995491	0
71283	941226	942126	2
526807	692413	693176	0
782147	256939	257489	0
391364	382252	383205	0
526807	74063	76091	1
609989	1025600	1026318	1
114607	831401	832532	2
507083	753874	754708	0
774308	967264	969501	0
391364	471582	472226	2
418391	684178	689477	1
526807	197209	197477	1
71283	682834	683826	0
609989	304849	306076	0
768040	385504	385773	0
832999	583545	583792	0
526807	660485	662550	0
856857	180801	181588	1
221072	352367	352613	1
832999	660235	662550	0
832999	976714	976853	0
418391	217787	218544	0
221072	338546	339686	1
73035	34086	34514	0
73035	979563	984060	2
418391	1032403	1039150	1
309817	248656	249946	2
832999	1006880	1009650	0
774308	19784	24233	2
774308	722898	723648	0
472812	498720	499381	0
768040	201454	202941	0
609989	453741	455336	0
832999	378532	378843	0
71283	833807	834834	4
657790	185424	185445	0
744095	66456	67471	0
71283	477268	477345	0
391364	554144	555320	0
507083	1025085	1025369	1
