fromId	keyId	targetId	timeout
505515	455467	455820	0
727116	738989	739081	0
89563	251411	252008	0
556214	215758	216445	1
163718	878779	880570	0
839684	830007	830743	0
724387	579175	581096	3
76091	617257	617867	0
505515	501811	502601	0
774233	959191	960974	1
451797	111619	111713	0
89563	487349	487557	0
839684	234319	237647	0
556214	90187	90370	0
420795	293610	293817	0
506330	199166	199265	0
425631	487306	487557	0
353698	658361	658390	0
76091	242600	243146	0
563267	249850	249946	0
506330	536870	538118	0
420795	525219	526807	0
353698	386842	387499	0
451797	770791	771016	1
506330	617751	617867	1
724387	531338	531849	1
271850	481921	483867	0
163718	996126	996198	0
420795	295879	296126	0
163718	766530	767879	0
563267	752595	753387	1
451797	643206	643586	0
555642	206713	207609	0
505515	730765	732039	0
774233	805636	806794	0
271850	892455	893659	0
271850	1007315	1009650	2
505515	775229	776080	0
425631	527899	527965	0
727116	239684	241047	0
727116	667153	667499	1
506330	937418	937784	0
506330	964359	964417	0
67678	972056	976853	3
451797	73465	73808	0
420795	489761	492068	0
563267	909740	910106	0
555642	911159	911364	0
839684	27214	27453	1
271850	644242	646173	0
724387	200338	202941	1
353698	659708	662550	0
505515	581519	583792	0
420795	356962	359864	0
76091	39549	40539	2
727116	771132	771689	0
505515	635239	636019	0
774233	690179	690624	0
556214	1031542	1032148	0
506330	616800	617117	1
163718	343135	345676	0
353698	757077	757484	3
555642	741790	741908	0
89563	607019	607571	0
556214	1035741	1039150	1
451797	188646	191401	0
163718	584951	586117	0
555642	515469	515586	0
555642	452339	455336	0
727116	606134	607571	0
724387	408974	409102	1
505515	148653	149423	0
724387	450840	451797	1
353698	643312	643586	0
353698	422942	424541	0
163718	676864	676976	1
420795	646950	647567	0
774233	204346	205624	0
505515	100952	101892	0
506330	353502	353698	0
556214	174792	175354	0
839684	808322	810428	1
563267	444634	445869	0
89563	988361	989899	1
76091	533466	533778	0
271850	647914	648336	0
724387	674583	676143	2
555642	723610	723648	0
724387	617547	617867	1
425631	687034	689477	1
425631	712237	712247	0
774233	407905	408160	0
353698	277435	277634	4
556214	662216	662550	0
420795	74580	76091	2
271850	573988	578227	2
76091	21303	24233	5
673538	922764	923615	3
774233	348015	348855	0
420795	827049	827146	0
774233	617206	617867	0
89563	574722	578227	1
76091	733693	737744	0
563267	545880	546016	0
727116	138492	138649	0
506330	981716	984060	2
420795	514776	515586	0
673538	735006	737744	0
420795	975565	976853	0
451797	623780	624773	0
353698	578316	578665	1
555642	328241	328277	0
67678	296996	297772	0
505515	971401	976853	2
724387	627781	629887	2
451797	418958	420469	0
76091	355831	356213	0
673538	948189	949586	1
425631	293533	293817	1
555642	187419	191401	0
563267	761635	762060	0
727116	662765	664483	0
839684	598191	598244	0
563267	12769	13330	0
724387	691710	693176	2
727116	783434	785342	0
727116	752919	753387	0
774233	657098	657215	0
556214	160682	160878	0
420795	251643	252008	0
839684	258661	258968	1
505515	1008194	1009650	1
163718	898256	899578	1
556214	538195	538508	0
506330	205832	207609	0
506330	947781	949586	0
839684	716854	719330	0
506330	352288	352613	0
774233	160194	160878	0
727116	921943	923615	2
89563	1011360	1012464	1
556214	723796	724387	0
76091	148793	149423	0
506330	950575	950839	0
76091	923704	924455	0
271850	452417	455336	0
451797	495767	498420	1
271850	14703	15228	0
556214	955364	957165	0
555642	180734	181588	0
505515	752148	753387	1
425631	791703	791933	0
425631	409657	410762	1
556214	724572	727116	0
89563	330029	330701	1
76091	78339	81421	0
727116	130859	131196	0
505515	968516	969501	1
563267	748355	750208	1
271850	827562	828258	0
506330	888928	889666	0
353698	726142	727116	0
555642	561957	561988	0
774233	806887	807477	0
673538	966797	969501	1
673538	673014	673373	1
724387	382876	383205	1
353698	654732	654959	0
271850	773082	774028	0
505515	443323	445869	1
76091	524480	525184	0
420795	846043	851350	1
563267	605487	607571	0
163718	1002017	1002268	0
451797	682206	682424	3
727116	706340	707032	0
555642	380461	381101	2
774233	286902	287175	0
163718	231088	231449	1
505515	31143	31961	0
67678	980385	984060	3
563267	262147	263199	1
425631	464270	465452	0
420795	111509	111713	1
556214	149647	149971	0
67678	322280	322963	0
724387	153246	153643	1
839684	932080	932103	0
727116	654962	655085	0
353698	1001389	1001727	0
271850	660027	662550	0
555642	877124	877936	0
353698	690809	690857	0
271850	128048	128401	0
67678	196708	197477	0
839684	685940	689477	0
163718	543695	545298	2
