fromId	keyId	targetId	timeout
655085	753164	762251	19
655085	363607	365538	3
426107	998107	1002967	3
655085	168985	170646	2
655085	362234	365538	3
655085	223195	225378	10
655085	127014	131196	4
426107	724785	727646	4
426107	673195	673538	3
426107	908254	908372	9
655085	574515	578227	4
426107	772351	774028	19
655085	347562	349547	3
655085	490485	492068	21
426107	19645	23146	1
426107	490330	492068	1
655085	883639	892206	20
655085	235385	237647	5
426107	489107	492068	1
426107	978474	979430	0
655085	111719	114607	2
655085	333490	338304	5
655085	523517	523537	6
426107	953214	954834	0
426107	450986	451797	0
655085	322601	322963	0
655085	305508	306706	1
655085	530636	531849	8
426107	510363	510670	0
426107	256117	256585	6
426107	62191	63849	8
655085	722874	723648	0
426107	596019	598015	4
426107	1044810	1045821	4
655085	524381	528802	11
426107	932037	932232	7
426107	347912	349547	5
426107	207410	207609	6
655085	886303	892206	12
655085	922730	924989	2
426107	513767	513972	0
426107	471796	472812	3
655085	862989	865765	9
655085	358307	359864	2
655085	832282	832532	26
426107	1013976	1016214	2
655085	220393	221165	11
426107	218593	221165	6
655085	981902	983382	0
426107	859790	860321	8
426107	729625	730571	3
426107	806619	807477	24
655085	533285	533395	7
655085	854164	856857	29
426107	911132	912394	10
655085	707445	707559	3
655085	780886	782147	17
426107	620183	624773	8
426107	1041114	1042530	0
426107	679169	680935	1
426107	300468	306706	7
426107	215035	216883	9
426107	650286	652401	2
426107	465560	470575	6
426107	86898	90093	4
426107	153529	153570	6
655085	1039834	1040759	0
655085	47516	48391	0
426107	832529	832532	25
655085	255101	255421	7
426107	346366	346588	11
655085	869214	872105	10
655085	465833	470575	8
426107	62586	63849	8
426107	348633	349547	5
426107	440605	441627	0
426107	435858	437421	0
655085	278255	281657	3
426107	943016	944455	7
426107	323786	332157	11
426107	640491	641666	3
655085	449064	450080	7
426107	934469	936425	8
426107	702581	703408	6
426107	563715	570375	5
426107	405280	406102	13
655085	488294	492068	21
426107	252	3041	5
426107	740914	742311	4
655085	126618	131196	4
655085	880124	892206	27
426107	964941	966144	0
426107	80368	81597	3
426107	992991	995910	2
655085	461854	465452	7
655085	183701	185445	4
655085	855670	856857	29
655085	702145	703408	6
655085	164196	168361	8
655085	411717	413052	10
426107	723693	724387	3
655085	425554	426107	7
655085	24221	24233	0
426107	1013247	1016214	2
655085	991764	991799	0
426107	657603	657790	3
426107	63421	63849	8
655085	239137	242213	9
426107	430209	431308	0
655085	134865	136687	2
655085	797742	798431	25
426107	454735	455336	0
655085	498959	502601	9
655085	615964	618091	10
655085	567792	570375	4
655085	58502	58730	0
655085	85713	90093	2
426107	156608	157920	6
655085	967527	969501	0
655085	865277	865765	8
426107	1013413	1016214	2
655085	9376	9550	0
655085	825579	825770	27
426107	1047840	3041	8
426107	320033	320133	3
426107	504916	505997	3
426107	800638	802003	23
655085	653710	654959	5
655085	241638	242213	5
426107	33866	34514	4
426107	991458	991799	1
426107	100137	101892	1
426107	839043	839095	25
426107	85558	90093	4
426107	51415	54609	3
426107	556826	557799	4
655085	975223	976853	0
655085	149954	149971	0
655085	617635	618091	10
426107	70872	76091	5
655085	293252	293470	2
655085	702927	703408	2
655085	134682	134778	0
655085	553286	553941	10
426107	547306	553941	19
655085	535591	538177	8
655085	360096	365538	4
426107	862607	865765	8
655085	535454	538177	8
655085	391882	401960	9
426107	471090	472812	3
426107	426397	431308	2
655085	193014	193821	5
426107	771297	771689	19
655085	563490	570375	4
426107	158043	158919	6
655085	684984	691286	4
655085	307715	308324	1
426107	1009272	1009650	1
426107	57798	58031	2
426107	942290	944455	8
655085	610095	614437	10
655085	991173	991799	1
655085	195026	197817	11
655085	1021469	1023379	0
655085	658024	658390	0
655085	18611	23146	1
426107	971241	973996	0
655085	13460	16911	2
426107	712488	713589	5
426107	134841	136687	7
426107	663276	665442	4
426107	759321	762251	19
426107	843149	851350	27
426107	880743	892206	23
426107	844970	851350	27
426107	331012	332157	4
426107	38910	39534	2
655085	837364	838284	26
426107	513051	513972	0
655085	377764	379105	9
426107	366553	367336	8
426107	225510	225712	13
655085	377190	377243	7
426107	807208	807477	23
426107	222666	222975	5
426107	747521	749409	13
655085	828191	828435	27
426107	850179	851350	27
655085	824942	825407	26
426107	541702	553941	29
655085	116497	117075	1
655085	134492	134778	0
426107	928082	928731	6
655085	636190	640199	5
655085	983039	983382	0
426107	561949	561988	5
