fromId	keyId	targetId	timeout
665069	526542	526807	0
376922	686787	689477	0
828435	865946	866689	0
665069	693317	694184	0
647753	507485	507747	0
882152	508147	510670	0
713589	605087	607571	0
882152	664351	664483	0
560259	864467	865765	0
312091	983550	984060	0
596578	912165	912394	3
93002	433838	435554	0
93002	537544	538118	0
312091	37518	38145	4
538118	114260	114607	0
936440	405014	405815	0
828435	98183	99099	0
281657	1016888	1018364	1
914893	40453	40539	0
376922	704683	706307	0
647753	136401	136687	0
560259	588509	589154	0
596578	454639	455336	0
914893	95444	95908	0
281657	471363	472226	0
665069	654496	654597	0
596578	756743	757484	2
596578	1024339	1025369	2
376922	549624	549972	2
665069	1047151	1048453	0
376922	341861	341916	0
560259	19143	24233	2
429707	114444	114607	0
914893	145824	149423	0
828435	221032	221072	0
505596	906417	908372	4
596578	26293	27129	2
596578	546962	547526	0
429707	238042	238986	1
281657	271290	271850	1
882152	400189	401960	0
244616	137362	138649	1
312091	784008	785342	0
647753	862343	862978	1
647753	337114	337304	0
560259	1043471	1043581	0
312091	394414	397329	0
281657	788966	790293	3
93002	942227	944266	1
429707	1443	3790	1
647753	416138	417194	0
58730	996213	1000187	1
376922	78027	81421	0
560259	775251	776080	0
560259	819463	820284	1
647753	228102	228625	2
882152	643310	643586	0
429707	536970	538118	0
828435	752487	753387	2
914893	1032376	1039150	2
596578	571986	578227	1
560259	688096	689477	0
828435	664705	664877	2
312091	838195	838284	0
882152	20809	24233	2
713589	6089	6426	0
505596	298797	299782	0
93002	456477	458000	2
505596	394008	394309	0
713589	103951	104652	0
560259	194476	195934	0
538118	828712	830743	0
647753	403951	404091	0
538118	265227	265451	1
560259	423796	424541	0
429707	222831	222975	0
647753	747216	750208	1
538118	895298	896184	0
665069	645778	646173	0
538118	131285	131811	0
596578	765465	765652	1
936440	437441	437880	0
376922	913179	913882	0
505596	167719	168114	0
281657	250467	252008	2
647753	721068	722433	0
538118	892622	893659	0
914893	540503	542285	0
914893	602338	607571	0
244616	280641	281017	0
505596	545340	546016	1
914893	628187	629887	0
713589	257503	257797	0
647753	275364	277634	0
647753	599602	607571	0
882152	846813	851350	1
93002	149826	149971	0
505596	1023462	1024057	1
244616	904452	905208	0
665069	934580	935606	0
429707	139972	140443	1
244616	171287	171644	0
538118	749892	750208	0
93002	969317	969501	0
93002	627151	629887	1
505596	68047	68873	0
936440	634760	634784	1
312091	579260	581096	0
936440	938003	942126	0
560259	947788	949586	0
244616	635649	636019	0
312091	356463	359864	0
376922	220972	221072	0
538118	675255	676143	1
647753	896684	897487	1
882152	710151	711452	0
596578	503458	503721	0
596578	23171	24233	2
429707	587794	589154	0
312091	963805	964417	0
596578	545851	546016	0
244616	838543	839000	1
560259	518863	519666	0
713589	670548	670763	0
93002	796811	798431	2
665069	995907	995910	0
429707	63753	63849	0
312091	737978	739081	2
505596	175907	176813	0
713589	195241	195934	0
828435	503938	504141	0
429707	753809	754708	0
538118	521495	522408	0
713589	399889	401960	0
560259	447802	448841	0
281657	330167	330701	0
713589	752249	753387	4
376922	171174	171644	0
665069	132877	133308	0
936440	373287	374625	0
647753	188559	191401	0
647753	1037350	1039150	0
560259	1048404	1048453	0
665069	153308	153643	1
376922	773694	774028	0
828435	168288	170646	2
312091	557567	557683	2
376922	688742	689477	0
596578	219387	221072	0
828435	209822	210869	0
828435	1043285	1043581	1
376922	203413	204141	0
429707	81988	83034	0
914893	428782	429707	0
93002	185456	186016	0
560259	487774	492068	0
828435	632408	633398	3
647753	11997	13330	0
244616	585384	586117	0
914893	457917	458000	2
429707	553742	553941	1
936440	30774	31961	3
596578	810920	811796	4
914893	149886	149971	0
560259	1007972	1009650	0
376922	1025793	1026318	1
665069	797226	798431	0
713589	325655	326335	0
312091	283852	285454	3
58730	617240	617867	0
882152	194652	195934	0
596578	394796	397329	0
376922	893616	893659	0
93002	878722	880570	1
505596	109253	110457	0
538118	759113	761194	0
936440	641437	641666	1
376922	468063	470575	0
538118	292415	292738	0
647753	151744	152478	0
647753	447228	448841	0
281657	1034752	1039150	2
560259	158985	159133	1
596578	513889	513972	0
58730	903777	905208	2
713589	1020907	1023379	0
713589	642854	643586	0
936440	487289	487557	0
376922	617901	618091	0
596578	494307	495042	0
665069	119799	120046	0
560259	493344	495042	0
505596	1017321	1018364	1
665069	503238	503721	0
713589	695312	695538	0
828435	786762	786989	2
882152	812582	815460	0
