fromId	keyId	targetId	timeout
34514	413175	414580	0
185445	386217	387499	0
34514	461420	461652	0
825848	1019207	1019868	0
34514	259012	260029	0
41679	358593	359864	0
455820	421459	422017	1
825848	1026411	1028002	0
825848	878549	880570	3
816250	103666	104652	1
788853	1033370	1039150	1
816250	459828	461652	1
1002967	825116	825407	0
825848	897286	897487	0
258030	106873	110457	2
435554	385899	387499	2
1002967	780439	782147	0
874911	200369	202941	1
258030	632684	633398	0
41679	276349	277634	1
258030	95759	95908	1
330701	995123	995491	0
415924	717893	719330	3
1002967	665627	666514	0
816250	357676	359864	0
816250	624601	624773	0
874911	766561	767879	5
435554	520967	521198	0
788853	147726	149423	1
825848	902323	905208	0
1002967	830714	830743	0
330701	874211	874911	0
248234	559859	559871	2
825848	389979	391364	0
330701	95472	95908	0
455820	446822	448841	1
690857	741757	741908	0
330701	914098	914893	2
874911	654807	654959	1
248234	786787	786989	0
788853	1000856	1001727	0
185445	771326	771689	0
455820	224527	225618	2
41679	50932	51185	0
415924	252756	254307	1
248234	486585	487557	0
258030	428870	429707	0
538508	957901	958104	1
258030	30089	31961	1
562513	676911	676976	0
788853	139405	140443	1
825848	405641	405815	0
788853	1037911	1039150	0
248234	314667	315068	0
788853	477789	479954	0
788919	566900	571195	1
816250	787672	788853	0
41679	408621	408817	0
185445	28906	31961	3
455820	900411	905208	0
816250	325352	326335	0
248234	996429	1000187	1
816250	821750	823465	1
455820	491557	492068	0
788919	928846	929482	0
690857	837447	838284	1
41679	847826	851350	1
883083	299320	299782	0
185445	22721	24233	3
41679	334062	334574	0
788919	940295	942126	0
34514	356842	359864	0
455820	747534	750208	1
825848	479451	479954	0
538508	984857	985974	0
330701	111984	112529	0
41679	818556	820284	2
816250	9928	10639	0
248234	114622	114787	1
788919	348224	348855	0
883083	723387	723648	0
258030	792725	795326	2
455820	395465	397329	1
330701	459808	461652	0
538508	802114	804403	0
788919	711946	712247	0
562513	831243	832532	0
258030	881752	882152	1
41679	1026374	1028002	2
248234	582574	583792	0
258030	308608	308939	0
788919	91819	92257	4
816250	963051	964417	0
883083	354092	356213	1
415924	85424	87060	0
258030	636549	638842	0
1002967	653256	654597	0
562513	157441	157920	0
538508	986360	986431	0
415924	179901	179957	0
1002967	520590	521198	0
415924	517382	519666	1
248234	108224	110457	1
185445	833107	833134	0
788919	679288	682121	2
788919	354962	356213	0
874911	837606	838284	4
185445	906207	908372	3
185445	566000	571195	1
538508	101321	101892	0
435554	158901	158919	1
816250	530277	531327	0
258030	892378	893659	1
185445	443541	445869	1
330701	623861	624773	1
788853	900014	905208	0
185445	558975	559477	0
883083	561415	561988	0
562513	555073	555320	0
788853	534621	535002	0
538508	379185	379940	0
816250	369105	370171	0
874911	233866	237647	0
258030	209691	210869	1
874911	95910	96511	0
41679	547544	548225	0
874911	609234	609544	0
41679	535198	538118	0
455820	703724	706307	0
562513	795583	796204	2
825848	355235	356213	0
258030	547535	548225	0
883083	944859	944860	0
788853	664838	664877	0
415924	5604	6426	0
455820	647235	647567	0
415924	442928	443284	0
455820	662370	662550	0
816250	241397	242213	1
248234	22494	24233	1
415924	573113	578227	1
258030	650192	652401	0
455820	611783	615247	1
455820	856047	856857	0
415924	217962	218544	0
874911	998582	1000187	0
883083	388731	388790	0
562513	833836	834834	1
185445	690721	690857	2
788853	810823	810848	0
874911	304544	304639	0
435554	263492	264035	1
248234	1014274	1015557	1
538508	1039163	1040759	2
258030	78022	81421	1
258030	257348	257489	1
41679	224094	225618	1
562513	545182	545298	0
883083	421434	422017	0
435554	910401	911364	3
1002967	202414	202941	1
41679	606418	607571	4
415924	1029442	1029789	0
690857	295096	296126	1
435554	710202	711452	0
874911	769198	771016	5
258030	130059	131196	1
690857	345933	346588	0
41679	172118	172509	0
41679	60045	60418	0
788919	401322	401960	0
185445	250795	252008	0
330701	999105	1000187	0
185445	869304	869327	3
415924	429726	429756	0
185445	910842	911364	1
825848	262703	263199	1
258030	117141	117154	1
883083	310813	312091	0
34514	630408	630770	0
825848	748516	750208	2
825848	880277	880570	3
825848	890879	892206	3
455820	470325	470575	0
435554	870736	872105	0
435554	40957	41679	1
41679	1046786	1048453	1
1002967	842769	851350	4
34514	375535	375967	0
562513	563709	571195	1
330701	135757	136687	0
883083	330781	332157	0
788853	960606	960974	1
1002967	871278	872105	1
415924	915589	917216	1
690857	255923	256243	0
788853	409720	410762	0
