fromId	keyId	targetId	timeout
264473	347626	349547	1
633398	880468	880778	3
960789	309108	309308	3
571279	193122	193821	2
296126	152244	152478	4
512353	932112	932232	0
634893	685276	689477	0
960789	92490	94002	2
896278	513757	516056	2
634893	107038	110457	0
927983	456912	457146	0
633398	823509	827146	5
512353	948735	949659	1
512353	849314	851350	0
266071	313517	314036	0
615704	345525	346588	3
264473	61272	63567	1
615704	443951	444077	1
264473	288538	288828	1
528294	899352	899487	0
682121	754226	754708	0
571279	468328	470575	0
503721	721907	722433	0
896278	245344	245830	1
528294	800270	802003	0
682121	847611	851350	2
296126	413909	414608	2
676976	938558	942126	5
633398	837626	838284	4
960789	406909	408160	3
896278	874853	875647	4
512353	8156	9550	0
266071	735041	737744	0
512353	982912	984060	2
927983	558923	559477	1
296126	510054	510670	0
633398	910423	911364	1
634893	602424	607909	2
296126	285326	285614	1
615704	918107	920026	1
634893	831171	833608	7
528294	669017	669267	0
676976	165660	166042	0
896278	44403	45960	0
264473	984128	984545	2
528294	35479	35893	1
296126	144528	145254	5
682121	1032639	1039150	1
634893	1023625	1024057	1
571279	848494	851350	0
682121	211494	212676	2
528294	414192	414608	5
615704	981620	984060	2
503721	38413	40539	1
266071	621157	622093	0
633398	981647	984060	3
135423	972441	976853	1
615704	335525	338304	3
512353	234979	237647	1
676976	495503	497083	0
135423	232520	237647	0
670763	953241	954834	2
296126	1261	3041	2
633398	236739	237647	0
266071	716051	716312	0
670763	330948	332157	2
512353	114873	116703	4
503721	725807	727116	0
960789	859606	859840	4
927983	364931	365538	0
264473	118547	118661	1
264473	362822	365538	2
296126	847624	851350	0
960789	58698	58730	0
135423	916834	917216	1
960789	736806	737744	2
135423	928259	928731	0
503721	287416	288828	0
296126	428455	429707	2
615704	947711	949659	1
634893	228822	229784	0
266071	206334	207609	6
670763	420305	420469	0
296126	1006452	1009650	2
571279	900831	905208	0
676976	983351	984060	1
615704	1007962	1009650	1
266071	295171	296126	0
296126	1011082	1012464	2
670763	257016	257797	1
670763	810002	810740	1
266071	321581	323492	2
633398	802788	804403	1
503721	359289	359864	2
528294	964453	966144	0
960789	545082	545171	0
264473	550980	551130	0
296126	428611	429707	2
512353	796228	799194	1
682121	483882	492068	2
670763	25569	27129	7
670763	88209	90093	4
670763	658153	658390	0
296126	841606	844119	0
528294	1021615	1023379	0
528294	39827	40539	2
135423	746340	749409	0
503721	226823	227022	1
296126	495234	495341	0
634893	508965	510670	0
512353	44004	45960	1
571279	390628	394309	2
266071	834062	834327	5
633398	872594	875647	5
896278	942086	942126	2
896278	370382	371634	1
528294	706320	707032	0
512353	519732	520011	1
571279	962769	966144	2
571279	572726	578227	0
264473	464427	467177	2
503721	650594	652401	0
634893	850287	851350	1
927983	790560	791269	1
264473	528551	532626	4
264473	246861	247089	1
927983	17437	23146	2
896278	569766	571195	3
682121	712901	713286	1
670763	157895	157920	0
264473	436785	437421	0
296126	814283	815460	1
670763	60568	63567	8
264473	744885	744961	5
266071	443788	444077	0
634893	493439	495042	1
264473	70646	71283	0
264473	1001233	1001727	2
512353	53763	58031	4
676976	496421	497083	0
266071	588223	589565	1
571279	583673	583792	0
503721	1020834	1020859	2
512353	624880	624980	0
266071	234408	237647	4
676976	202657	202941	0
503721	712925	713286	0
960789	483679	483867	0
615704	616621	617117	0
266071	21775	23146	0
528294	671981	672032	0
512353	764575	765652	1
634893	609962	609989	3
266071	402599	403237	0
634893	744119	744961	1
896278	641199	641274	0
503721	963683	966144	3
615704	973082	976853	1
633398	647301	647753	1
571279	580865	581096	0
634893	300177	300832	1
670763	1000570	1001727	2
682121	146929	149423	2
960789	644486	646173	1
528294	806060	807477	1
682121	640919	641274	0
927983	357135	359864	0
676976	782887	783276	0
615704	805683	807477	1
896278	678658	680935	2
266071	807295	807477	0
135423	427698	429707	4
503721	619567	622093	4
634893	4348	4563	0
528294	389890	394309	2
633398	585704	586117	0
615704	197675	197817	6
528294	759002	762251	3
135423	142108	142276	0
682121	821997	822005	0
266071	275198	277634	0
682121	440963	441627	0
670763	562852	563267	2
264473	563653	571195	2
266071	182246	182412	0
135423	50791	50882	1
960789	1010457	1012464	0
634893	373026	374625	1
927983	638199	638842	3
266071	104835	106778	5
296126	617513	622093	4
296126	849230	851350	0
896278	934063	934390	2
296126	43350	45960	0
512353	150012	152478	3
633398	90694	92257	2
135423	317258	319165	3
