fromId	keyId	targetId	timeout
172078	380529	381101	1
172078	994527	995491	1
502601	864705	865765	2
439346	502619	503721	0
417194	286796	287175	1
840560	467516	470575	0
840560	416193	417194	0
689707	491407	492068	0
319466	440541	441627	0
840560	571202	571264	2
439346	318945	319165	3
984545	460671	461652	0
260422	529171	532626	3
591862	1036746	1039150	0
474019	331830	332157	1
984545	327386	327710	3
840560	785054	785386	2
840560	180034	180469	4
439346	229318	229784	4
984545	119680	119730	2
172078	660732	662550	3
474019	343811	346588	2
417194	680177	680935	0
474019	907860	908372	0
591862	279482	280260	2
319466	102885	104652	1
840560	929660	931681	2
260422	392557	394309	1
260422	553270	553941	0
172078	868433	868630	4
689707	834865	835390	0
474019	585997	586117	0
319466	651815	652401	0
984545	373104	374625	0
689707	194789	195934	0
474019	172885	173024	0
417194	571215	571264	1
260422	628564	630942	5
591862	763401	765652	5
689707	347745	349547	3
172078	707189	712247	2
260422	17660	23146	2
417194	451702	455336	1
474019	260748	261410	0
840560	815785	816250	2
319466	411728	413052	0
260422	168481	170646	5
474019	813185	815460	0
417194	909849	910106	0
591862	74099	76909	2
439346	509008	510670	2
474019	751539	751979	0
172078	288718	288828	0
417194	115959	116703	1
260422	947377	947682	4
591862	353923	354873	1
260422	579655	581096	1
172078	179973	180469	0
439346	733113	737744	0
840560	685897	689477	1
840560	998692	1000187	3
417194	351097	352613	2
474019	252949	254520	1
439346	684832	689477	0
984545	918227	920026	2
260422	391045	394309	2
474019	157168	157920	0
984545	606155	607909	1
260422	166515	168114	5
502601	977760	984060	3
984545	98147	99099	1
439346	140201	142046	6
172078	888799	889666	6
172078	192092	193821	5
591862	758897	762251	6
502601	23863	27129	1
502601	991071	991464	1
689707	160274	162563	4
319466	62053	63567	2
439346	261091	261410	5
439346	113452	113664	2
439346	228729	229784	4
319466	958119	958293	0
502601	969000	970485	2
591862	625125	625158	3
474019	193215	193821	1
260422	952217	953197	2
502601	380741	381101	0
840560	590675	591557	1
172078	249529	249946	0
689707	417645	418391	4
502601	699226	700385	1
591862	909603	910106	0
439346	833709	834327	0
591862	713079	713286	0
172078	523152	523537	1
260422	575814	578227	1
439346	425327	429707	5
439346	411333	413052	4
591862	968102	970485	1
417194	1011532	1012464	0
172078	249560	249946	0
591862	180285	180469	1
439346	413621	414608	4
984545	502176	502601	0
319466	1028162	1029343	0
474019	431247	431308	0
474019	387043	387499	3
439346	379680	381101	4
689707	860076	860219	0
689707	272770	273352	0
260422	256608	256635	5
417194	579321	581096	1
689707	189888	193821	3
984545	407333	408160	1
591862	933321	934390	1
591862	468264	470575	1
984545	739175	739285	1
591862	108555	110457	1
260422	755889	762251	4
984545	680011	680935	1
474019	1027236	1028002	1
840560	93106	94002	5
417194	884194	885022	0
502601	143675	145254	1
984545	120214	123198	2
689707	64446	64478	1
260422	104582	104652	7
417194	771719	772294	2
502601	537494	538118	0
502601	894076	894583	2
439346	430557	431308	4
474019	100284	102123	2
689707	260114	260422	0
172078	446783	448841	1
840560	872696	875647	3
502601	1036358	1039150	0
439346	254996	255351	6
439346	6060	6426	2
502601	576021	578227	1
439346	629009	630942	4
172078	851948	852003	4
984545	86568	87060	1
984545	270291	271014	2
591862	912715	913882	1
591862	17021	23146	1
984545	756226	762251	5
439346	458208	458316	0
591862	832440	833608	3
984545	71029	71283	1
984545	818029	820284	3
689707	492137	492527	0
840560	117282	117898	5
319466	915858	917216	0
840560	655681	657225	1
474019	639079	640199	2
172078	79893	81421	1
172078	897332	897487	0
439346	53495	58031	5
840560	35280	35893	3
260422	863559	863975	3
984545	230551	231678	2
591862	758874	762251	6
417194	577657	578227	1
172078	869499	872105	5
689707	421655	422017	6
260422	227106	227622	5
474019	771942	772294	0
591862	157023	157920	2
840560	459826	461652	0
591862	761077	762251	6
439346	305098	306076	6
260422	933458	934390	4
591862	647702	647753	5
474019	260874	261410	0
984545	176932	177231	4
260422	62009	63567	5
319466	69306	70085	1
172078	657961	658390	3
439346	786238	786315	1
172078	800407	802003	3
172078	851913	852003	4
502601	20711	23146	1
319466	865192	865765	0
439346	152291	152478	2
319466	502289	502601	3
474019	1035287	1039150	3
417194	942093	942126	0
591862	20784	23146	1
689707	719677	720042	0
591862	392315	394309	1
840560	209370	210869	4
417194	529667	532626	3
984545	177898	180469	5
260422	484465	492068	4
984545	585183	586117	0
172078	640567	641274	3
