fromId	keyId	targetId	timeout
117154	128391	131196	1
137461	442841	445869	6
851519	184235	185445	4
851519	778660	780277	20
766304	14254	16911	4
117154	818690	821616	1
306706	256004	256585	2
38145	586472	589154	5
137461	540203	553941	13
306706	209215	210869	19
766304	329125	332157	7
766304	497164	498420	2
851519	419367	420469	15
523537	770244	771016	19
598177	968418	969501	4
38145	164725	168361	7
921851	669364	670082	14
306706	37132	38145	1
802003	333990	338304	14
24233	983760	984060	5
598177	565444	570375	4
598177	6415	7207	8
851519	341110	341916	12
766304	493520	495042	2
766304	142085	142276	2
117154	761560	762251	8
24233	604998	607571	4
306706	332820	338304	6
598177	585695	589154	3
802003	882919	892206	18
24233	317230	319165	10
117154	485433	492068	16
24233	147380	149423	0
24233	701589	703408	6
101892	613006	614437	5
306706	950896	954834	12
766304	941989	944455	4
117154	109058	110457	4
24233	177522	177600	3
921851	238911	238942	3
101892	172094	173024	3
24233	938828	944455	6
523537	378164	379105	11
101892	374128	374625	0
851519	165932	168361	5
24233	510449	510670	3
306706	661983	662550	1
137461	24935	27453	1
101892	1030814	1032148	1
598177	754335	762251	4
921851	842444	851350	6
851519	496945	498420	20
101892	511277	512353	2
101892	162275	162563	0
38145	509310	510670	3
851519	561439	561988	33
38145	1012116	1012464	6
802003	834435	835390	1
306706	528586	528802	1
101892	132308	132507	3
137461	757371	762251	5
802003	91057	91946	0
802003	879588	892206	23
24233	811920	815460	3
766304	1028139	1030193	5
598177	463612	465452	1
306706	610485	614437	2
101892	509108	510670	2
802003	462516	465452	3
921851	120797	123198	7
101892	669501	670082	13
766304	549302	553941	11
306706	73836	76091	5
802003	341318	341916	11
117154	949503	950468	19
598177	336091	338304	5
38145	670574	671293	7
117154	296052	296126	2
38145	598578	607571	5
802003	407183	408160	16
851519	96418	99099	19
851519	963885	966144	23
598177	332265	332707	5
523537	517178	519666	9
117154	305538	306706	3
802003	651787	652401	13
38145	344276	345676	19
24233	2695	3041	10
766304	223771	225378	12
851519	331442	332157	7
921851	148373	149423	5
766304	351449	353698	7
851519	452365	455336	13
802003	991290	991799	1
523537	330849	332157	4
598177	767521	767879	0
523537	917208	917216	6
24233	428043	431308	3
766304	28997	31961	4
24233	679281	680935	8
802003	367085	367336	9
598177	583210	583792	1
117154	921178	921851	0
851519	675574	676138	23
802003	253000	255421	7
851519	940861	944455	3
851519	500103	502601	19
766304	488335	492068	2
306706	970267	973996	2
766304	190660	193821	9
921851	800520	802003	9
523537	210232	210869	21
101892	567436	570375	14
766304	551909	553941	8
766304	17706	23146	4
598177	1035996	1040759	8
137461	281553	281657	0
851519	780341	782147	20
117154	122746	123198	0
101892	41353	43174	2
306706	319500	319775	0
598177	96015	99099	2
766304	144109	149423	5
306706	408007	408160	1
101892	615404	615704	5
802003	586179	589154	6
523537	692278	694184	4
137461	58067	58730	0
766304	783805	785342	0
802003	384583	385773	9
802003	856515	856857	1
598177	1031938	1032148	8
766304	553895	553941	8
117154	144189	149423	6
766304	472858	473237	3
137461	281721	282024	0
117154	576940	578227	1
802003	672256	673538	14
117154	396540	401960	4
137461	319675	319775	1
766304	537651	538177	5
802003	815140	815460	0
921851	740429	742311	7
523537	891224	892206	7
137461	306033	306706	3
306706	99324	101892	26
802003	105025	106939	1
38145	362142	365538	10
101892	765071	765652	5
24233	942892	944455	4
523537	748847	749409	14
137461	985582	985974	2
851519	713053	713589	26
802003	215664	216883	10
24233	549174	553941	13
523537	537580	538177	1
24233	283217	285454	5
137461	56944	58031	1
137461	885478	892206	24
137461	215395	216883	2
802003	257896	258030	6
101892	884595	892206	17
921851	636885	640199	10
306706	229637	230416	6
117154	829908	832532	1
802003	242053	242213	3
101892	192023	193821	4
921851	766033	766304	6
598177	333062	338304	6
38145	808077	810848	9
523537	407085	408160	13
137461	1011948	1012464	4
766304	205276	207609	12
24233	75002	76091	5
38145	491671	492068	10
24233	396053	401960	14
101892	460814	465452	2
38145	731471	739081	11
117154	844783	851350	1
598177	644867	646173	0
38145	996038	1002967	15
117154	733657	739081	2
851519	845593	851350	15
306706	38143	38145	1
117154	1011739	1012464	0
598177	973311	973996	4
117154	13456	16911	4
101892	599497	607571	6
101892	155720	157920	1
523537	967627	969501	24
137461	712744	713589	1
38145	696473	696859	2
766304	666128	666514	6
137461	923280	924989	17
598177	963882	966144	30
598177	818214	818271	0
24233	791558	791933	6
