fromId	keyId	targetId	timeout
1043581	822214	823465	0
492068	114876	114878	2
346588	850942	851350	0
77290	642122	643586	0
388790	366799	366918	0
376315	600102	607571	0
389044	585024	586117	2
647567	933244	933667	0
244745	290589	292738	0
346588	287809	288828	0
389044	939379	942126	0
492527	711347	711452	0
346588	604857	607571	1
1043581	715101	715133	0
910106	920390	920607	0
388790	486285	487557	0
785386	942232	944266	1
815460	348037	348855	0
388790	660588	662550	0
492527	446674	448841	3
388790	767461	767879	1
199880	506836	507083	1
785386	104315	104652	0
334574	568878	571195	1
785386	179168	179957	0
389044	283887	285454	0
199880	50106	50882	0
647567	972465	976853	2
388790	614914	615247	0
244745	561678	561988	0
492527	853975	856857	0
389044	504853	505515	0
334574	386404	387499	0
334574	89080	89563	1
376315	1016967	1018364	1
195934	307877	307895	0
376315	921631	921851	0
492068	774238	774308	0
492527	33013	33249	4
346588	346668	348855	0
334574	609822	609989	0
376315	936300	936425	0
492068	369550	370171	3
376315	933965	934390	0
689477	484052	484818	0
1043581	497688	498420	0
244745	207679	208458	1
647567	832335	832532	0
815460	104448	104652	2
785386	65663	67471	0
77290	954949	957165	0
492068	535241	538118	0
1043581	42328	43174	0
689477	334828	337304	0
647567	844661	851350	1
815460	1003451	1003913	0
376315	840720	851350	2
388790	82660	83034	1
785386	81230	81421	0
389044	16457	16911	0
388790	265736	266071	0
334574	621719	622093	0
334574	582940	583792	2
199880	1023491	1024057	0
785386	534270	535002	0
195934	793242	795326	1
910106	753437	754708	3
292738	217163	217610	1
785386	54291	54609	0
785386	205241	205624	0
815460	649722	650149	0
815460	879927	880570	0
244745	845963	851350	1
910106	150635	152478	0
346588	445440	445869	0
195934	25215	27129	1
195934	166023	166042	0
376315	28434	31961	1
647567	137452	138649	1
647567	603085	607571	0
492527	675053	676143	1
389044	116662	117075	1
910106	568097	571195	2
910106	1001472	1001727	0
195934	1020585	1020859	0
492527	362645	363419	3
647567	748454	750208	1
199880	928562	928731	0
376315	1029061	1029343	1
815460	575487	578227	0
389044	214276	215323	1
376315	999516	1000187	1
785386	926376	926567	0
346588	218460	218544	1
346588	422383	424541	0
334574	506945	507083	0
785386	318556	319165	0
376315	672157	673373	0
492068	935581	935606	0
376315	174967	175354	0
492527	539608	542285	0
689477	239888	241047	0
376315	211765	212676	0
388790	378481	378843	0
492527	394333	397329	3
388790	171856	172078	0
195934	971410	976853	1
647567	728925	728973	0
77290	1021534	1023379	0
199880	477298	477345	0
389044	230003	230416	0
77290	539319	542285	0
910106	972877	976853	2
376315	447977	448841	0
195934	239762	241047	0
346588	217694	218544	1
346588	912234	912394	0
244745	659311	662550	0
334574	250645	252008	3
334574	622616	624773	1
292738	396311	397329	0
376315	646865	647567	0
195934	765016	765652	0
244745	41851	43174	1
492068	336266	337304	3
244745	144098	145254	1
815460	336401	337304	0
785386	184012	184483	0
689477	259533	260029	0
647567	404843	405815	0
910106	481317	481797	1
292738	68409	68873	0
334574	195046	195934	1
389044	385838	387499	1
785386	398210	399305	0
244745	266325	266680	0
195934	299458	299782	0
334574	352167	352613	0
244745	864009	865765	0
334574	271117	271850	2
492068	97296	99099	2
195934	153130	153643	2
689477	644218	646173	0
910106	732497	732869	1
910106	479687	479954	1
492068	638521	638842	0
244745	992967	995491	2
815460	956253	957165	0
199880	345774	346588	0
389044	489732	492068	0
389044	46883	48391	0
492068	940264	942126	1
292738	523893	523935	0
492068	587566	589154	0
492068	455344	455375	3
1043581	927192	927250	0
389044	92261	92829	0
689477	646690	647567	0
647567	1041365	1042530	0
334574	171901	172078	1
388790	145588	149423	0
492068	64617	67471	2
647567	444311	445869	0
334574	865445	865765	1
388790	95350	95908	1
492068	811282	811796	0
689477	535116	538118	0
77290	320326	322260	0
910106	346353	346588	0
292738	801398	802003	0
492068	334017	334574	3
1043581	380678	381101	0
199880	587640	589154	1
376315	836692	838284	0
815460	386546	387499	0
815460	698180	700300	0
689477	696370	696859	0
388790	425872	426107	0
492068	922458	923615	0
647567	362662	363419	0
388790	727706	728810	1
199880	598471	607571	0
199880	306363	306706	0
199880	501364	502601	1
388790	440864	441627	0
195934	104333	104652	0
346588	744664	744681	0
292738	159805	160878	0
244745	629641	629887	0
199880	902391	905208	0
647567	386356	387499	0
647567	265277	265451	0
1043581	133887	134778	0
1043581	51223	53455	0
492068	385238	385773	3
389044	448531	448841	0
199880	1025189	1025369	0
