fromId	keyId	targetId	timeout
327710	182532	186016	8
316427	719646	720042	1
327710	358807	359864	3
4563	717435	719330	12
340970	48147	48391	3
4563	762703	765652	13
954834	568831	571195	1
1045819	751458	751979	11
316427	141588	142046	2
745115	672576	673373	0
35893	521071	521198	2
561988	318163	319165	7
561988	915343	917216	3
4563	782235	783276	14
954834	252602	254520	1
316427	910176	911364	0
432312	553176	553941	2
35893	606380	607909	2
35893	627438	630942	3
340970	777567	778081	1
327710	648833	650149	5
954834	588332	589565	1
561988	928179	928731	10
561988	486478	492068	12
193821	82368	83034	8
316427	984760	989899	2
432312	118211	118661	0
745115	146820	149423	0
954834	806161	807477	4
35893	378992	379105	0
4563	731031	737744	15
35893	940006	942126	12
1045819	678940	680935	7
1045819	699360	700385	9
340970	972328	976853	1
193821	1013692	1018364	11
4563	151603	152478	1
340970	512657	512923	1
193821	960993	961350	0
263199	624400	624980	1
340970	510124	510670	1
1045819	63430	63567	1
193821	2305	3041	2
954834	975197	976853	0
561988	453945	455336	11
421167	338281	338304	3
4563	403927	404091	3
432312	126347	128401	0
421167	745635	749409	0
316427	542409	545171	4
263199	732442	737744	5
421167	299359	299782	3
316427	151267	152478	2
327710	988669	989899	4
954834	958514	958776	0
561988	618498	622093	0
193821	592658	596578	3
4563	1000011	1000187	1
745115	797270	799194	1
327710	885830	889666	2
263199	159462	162563	4
35893	312512	314036	1
316427	577157	578227	2
340970	294247	294455	3
561988	237327	237647	10
4563	699108	700385	10
316427	496323	497083	0
432312	684014	689477	5
421167	912093	913882	2
340970	590992	591557	1
432312	247199	248234	0
316427	48013	48391	0
193821	702865	703408	1
263199	1016690	1018364	4
35893	275739	277634	0
954834	129935	132507	4
421167	1033571	1039150	10
561988	243468	244119	7
193821	455096	455336	0
421167	730067	737744	3
421167	972814	976853	6
745115	1038464	1039150	0
316427	563530	571195	2
340970	260158	260422	1
263199	874642	875647	1
954834	279202	280260	1
327710	1003242	1009650	6
340970	516923	517644	1
954834	427529	429707	1
316427	944376	946242	3
1045819	490212	492068	2
421167	269204	269522	3
1045819	158586	158919	0
1045819	635576	636019	6
432312	739238	739285	6
432312	618821	622093	4
432312	111151	111713	0
316427	607350	607909	1
193821	927620	927983	1
1045819	533212	533778	5
745115	675171	676138	0
561988	355827	356213	9
745115	139878	142046	1
1045819	614673	615247	5
1045819	276925	277634	0
263199	495316	495341	0
263199	405795	405815	0
745115	214754	215127	1
316427	229165	229784	4
35893	929400	931681	13
35893	680430	680935	3
745115	651392	652401	0
1045819	1008570	1009650	8
1045819	263700	264473	1
263199	311463	312091	0
263199	400626	402288	1
340970	374271	374625	0
327710	236649	237647	4
4563	821636	822005	2
421167	930410	931681	0
4563	528302	532626	7
193821	249625	249946	0
432312	540267	542285	3
1045819	36506	40539	2
340970	302204	304639	2
340970	253279	254520	2
561988	621556	622093	0
1045819	421300	422017	2
35893	329429	330701	0
1045819	1009710	1012464	8
421167	22484	23146	5
193821	705631	706307	1
421167	223071	225378	3
316427	132182	132507	2
193821	394212	394309	0
340970	425915	429707	1
4563	173443	175354	1
4563	546965	547526	5
432312	49918	50882	0
35893	534423	535002	3
954834	337465	338304	2
340970	791943	792224	1
954834	694523	695538	5
1045819	303027	304639	0
432312	32643	34514	1
745115	463889	464043	2
340970	183674	186016	2
193821	811737	815460	3
4563	735457	737744	13
745115	831932	833608	4
745115	821563	821616	0
263199	512486	512923	0
35893	645359	646173	3
432312	475709	476042	2
421167	370882	371634	3
954834	76441	76909	11
432312	834012	834327	7
1045819	280024	280260	0
745115	594713	596578	0
340970	186643	193821	3
35893	986621	989899	6
263199	879195	880778	2
327710	657279	657790	8
193821	520784	521198	0
745115	975816	976853	0
561988	562914	563267	2
1045819	555389	555642	4
421167	301741	304639	3
263199	766850	767879	8
1045819	817455	820284	10
4563	904914	905208	1
421167	347626	349547	6
340970	781260	782147	1
340970	744111	744961	2
263199	621499	622093	0
35893	556106	556214	3
432312	813295	815460	7
561988	385225	385773	12
745115	587869	589565	1
35893	814777	815460	3
432312	577021	578227	4
327710	623040	624980	3
327710	375451	375967	3
340970	146343	149423	3
263199	759054	762251	10
561988	113960	114607	5
340970	90617	92257	1
327710	28726	29965	1
35893	588745	589565	2
340970	867788	868630	0
316427	560404	561988	1
421167	649479	650149	0
193821	601742	607909	4
561988	849407	851350	3
745115	170601	170646	0
561988	682718	683826	2
340970	160041	162563	1
