fromId	keyId	targetId	timeout
838284	445525	445869	0
531849	573741	578227	2
546016	441851	442735	1
927250	7084	7207	0
598015	190249	191401	0
559871	151140	152478	0
1024057	208057	208458	0
598015	709946	711452	0
546016	131820	132057	2
546016	828299	828435	0
807477	253839	254307	2
1023379	304428	304639	1
559871	506935	507083	1
743657	150981	152478	0
375278	907177	908372	0
531849	558406	559477	0
743657	676172	676976	0
838284	550312	551130	1
1044951	132485	132507	0
786989	674511	676143	2
375278	557799	557799	0
700385	407812	408160	0
1023379	749048	750208	1
120046	740623	741908	0
375278	778429	780277	0
786989	526057	526807	0
375278	463287	464043	0
268996	527904	527965	0
546016	790273	790293	2
559871	462694	464043	0
268996	241884	242213	3
1023379	497436	498420	0
838284	342670	345676	0
559871	493545	495042	0
838284	487341	487557	0
268996	724571	727116	0
1044951	832055	832532	0
531849	954044	954834	1
1024057	309095	309308	0
120046	326189	326335	0
1000187	188854	191401	0
700385	180322	180469	0
268996	998035	1000187	2
375278	772581	774028	0
1023379	475825	476042	0
1044951	497495	498420	2
786989	1037958	1039150	0
598244	987322	989899	1
807477	63333	63452	1
807477	51851	53455	1
531849	968120	969501	3
598244	922818	923615	0
1024057	180936	181588	0
1024057	188024	191401	0
531849	427079	429707	0
743657	797178	798431	1
375278	73936	76091	0
598244	1024434	1025369	0
598244	1024593	1025369	0
786989	695707	696859	0
786989	555313	555320	1
700385	403400	404091	0
1000187	185905	186016	0
700385	170790	171644	0
786989	512009	512353	0
743657	446789	448841	0
1024057	526696	526807	0
743657	508407	510670	0
531849	372633	374625	0
927250	359553	359864	0
700385	211651	211654	0
786989	951224	952167	1
700385	609772	609989	0
743657	132514	132632	0
268996	584772	584836	1
743657	791932	791933	0
559871	503569	503721	1
598015	284089	285454	0
546016	101571	101892	3
927250	971134	976853	3
786989	477205	477345	0
598244	708363	711452	0
743657	366062	366918	0
1023379	519942	520011	1
120046	667620	669267	0
1024057	398563	399305	0
598015	1032953	1039150	1
268996	641051	641274	0
375278	327692	327710	0
838284	648804	650149	0
743657	1037020	1039150	0
927250	203285	204141	0
375278	931958	932103	0
598244	753981	754708	2
838284	602767	607571	0
546016	285888	287175	2
598244	924424	924455	0
375278	275923	277634	0
1000187	275705	277634	3
786989	807973	810428	0
838284	865299	865765	0
927250	624186	624773	0
598015	158454	158919	0
927250	146867	149423	0
531849	789414	790293	0
838284	636611	638842	0
927250	1001116	1001727	0
120046	517866	519666	0
598244	688869	689477	1
1023379	993127	995491	2
1044951	292765	293288	1
1023379	819983	820284	1
375278	469178	470575	0
743657	505029	505515	0
598015	574464	578227	0
1044951	202439	202941	0
927250	356192	356213	0
268996	682518	683826	0
700385	512246	512353	0
1024057	200881	202941	1
700385	453371	455336	0
700385	202926	202941	0
927250	681927	682121	0
598244	205050	205624	0
1044951	673563	676143	1
1023379	658881	658980	0
1023379	100468	101892	0
598244	628350	629887	0
807477	372569	374625	0
786989	918177	919539	0
531849	982166	984060	3
546016	542093	542285	2
838284	362611	363419	0
743657	286525	287175	1
1044951	1024590	1025369	2
927250	769257	771016	0
559871	512601	512923	1
268996	20040	24233	3
838284	945530	946150	0
786989	573407	578227	0
1023379	982654	984060	3
546016	956321	957165	0
531849	457741	458000	0
268996	881281	882152	3
559871	384221	385773	0
1000187	375995	376315	1
786989	829489	830743	0
700385	281712	282024	0
546016	755660	757484	2
546016	544902	545298	3
786989	976615	976853	0
700385	465214	465452	0
375278	404107	404809	0
743657	784256	785342	0
120046	804903	806794	1
559871	536422	538118	1
1024057	458732	461652	0
700385	416175	417194	0
838284	476114	477345	0
598015	931299	931681	0
268996	950804	950839	2
268996	988641	989899	2
598244	989931	991464	1
1024057	105719	106778	0
927250	465566	466721	0
531849	401006	401960	0
546016	397977	399305	1
700385	414510	414580	0
807477	138889	139146	1
546016	1005061	1009650	2
807477	357331	359864	0
1024057	548899	549972	0
598015	398251	399305	0
700385	258659	258968	1
786989	106221	106778	2
927250	692025	693176	0
786989	326001	326335	0
531849	45694	45960	0
786989	52624	53455	3
838284	500156	502601	0
743657	734392	737744	1
268996	196683	197477	1
598244	374346	374625	0
700385	1038680	1039150	0
1024057	229131	229784	0
268996	78918	81421	1
807477	783099	785342	3
546016	279438	279679	2
598015	260581	261410	1
807477	266050	266071	1
700385	708488	711452	0
1000187	345578	345676	2
700385	63059	63452	0
375278	153541	153643	1
927250	822539	823465	0
546016	844194	851350	4
838284	698819	700300	0
