fromId	keyId	targetId	timeout
934390	479874	479954	0
83034	327867	328277	1
464043	812962	815460	2
255555	188276	191401	0
125371	881510	882152	0
125371	776255	776398	1
650149	45954	45960	0
542285	895403	896184	2
1016214	585433	586117	0
414608	472304	472812	0
255555	86924	87060	0
542285	287683	288828	2
542285	259598	260029	3
83034	631261	633398	0
949877	1009421	1009650	1
255555	846635	851350	1
1016214	741518	741908	0
348855	148178	149423	0
83034	892241	893659	0
83034	967050	969501	0
63452	259416	260029	0
104652	719368	719558	0
542285	663830	664483	0
786315	461543	461652	0
247089	484742	484818	1
786315	468939	470575	0
949877	762976	765652	0
63452	502608	503721	0
786315	678210	679061	4
414608	167388	168114	0
464043	347383	348855	0
348855	585205	586117	1
949877	696328	696859	0
63452	121787	123198	0
125371	737224	737744	0
949877	867404	868630	0
786315	241681	242213	0
827146	707441	707559	1
827146	668017	669267	2
322260	225076	225618	2
464043	569564	571195	2
949877	87293	89563	0
464043	78167	81421	0
104652	305983	306076	0
949877	229055	229784	2
63452	721179	722433	0
255555	507869	510670	0
650149	925468	926567	0
104652	231926	237647	0
934390	48473	50882	0
92257	203289	204141	0
542285	421784	422017	2
542285	926673	926831	2
83034	647537	647567	0
322260	713583	713589	0
934390	696831	696859	0
786315	388205	388514	0
125371	728001	728810	1
1016214	319031	319165	0
255555	810783	810848	0
83034	925367	926567	0
348855	593963	596578	1
827146	594140	596578	3
247089	119672	119730	2
63452	710196	711452	0
247089	992921	995491	2
786315	649420	650149	0
247089	848887	851350	0
255555	459185	461652	0
934390	410719	410762	0
414608	834801	834834	0
83034	687128	689477	0
247089	422056	422102	0
949877	493431	495042	0
542285	790479	791269	0
247089	690306	690624	0
464043	994618	995491	0
786315	268497	268770	0
92257	99753	101892	0
414608	342895	345676	0
255555	309757	309817	0
322260	736069	737744	0
650149	270204	271850	1
83034	1015686	1016214	0
542285	420237	420469	2
247089	841382	851350	2
92257	581292	583792	3
949877	306934	307895	0
322260	730690	732039	0
650149	814695	815460	0
464043	796451	798431	3
786315	713331	713589	0
414608	951937	952167	0
255555	541138	542285	0
322260	315228	315367	2
125371	238601	238986	3
542285	659050	659296	0
63452	897751	899578	1
414608	252058	254307	1
348855	1042563	1042618	1
827146	431909	432312	0
542285	297165	297772	2
464043	737032	737744	0
786315	592284	596578	0
542285	655280	657215	0
104652	327005	327710	0
125371	1043185	1043581	0
464043	1024814	1025369	0
650149	496982	498420	1
542285	49897	50882	5
1016214	884511	885022	0
104652	588566	589154	2
542285	838390	839000	3
322260	296343	297772	2
827146	459934	461652	0
255555	424076	424541	0
92257	568633	571195	3
949877	537751	538118	0
255555	513170	513972	0
1016214	949555	949586	1
348855	570318	571195	2
464043	87713	89563	0
125371	530533	531327	0
827146	542976	545298	1
322260	73713	73808	1
542285	994326	995491	1
786315	379275	379940	0
83034	467579	470575	0
934390	99448	101892	0
92257	865197	865765	1
464043	403426	404091	0
83034	833410	833608	2
464043	11931	13330	0
247089	37708	38145	1
255555	923675	924455	0
247089	807533	807542	1
827146	965955	966144	0
650149	109981	110457	0
322260	993787	995491	3
1016214	578558	578665	0
464043	527225	527493	1
542285	443768	445869	3
786315	857285	860219	1
92257	323694	323986	1
63452	59599	60418	1
348855	317600	319165	0
104652	157022	157920	1
786315	586207	587390	0
827146	88512	89563	0
542285	350923	352020	2
827146	155363	155559	0
464043	892070	892206	2
464043	930020	931681	2
83034	187479	191401	0
464043	602526	607571	0
322260	622311	624773	0
348855	121379	123198	0
322260	658406	658980	0
934390	310374	312091	0
247089	798576	799194	0
348855	443640	445869	1
414608	533068	533395	0
949877	882894	883083	0
104652	586030	586117	2
125371	587669	589154	0
125371	676770	676976	3
247089	315165	315367	0
104652	793964	795326	1
322260	913547	913882	2
247089	129717	131196	1
322260	153180	153643	2
464043	379756	379940	0
542285	925140	925168	2
650149	545827	546016	0
255555	880322	880570	1
255555	681078	682121	0
63452	350505	352020	0
414608	78011	81421	0
827146	860859	861378	0
464043	878773	880570	2
255555	1021115	1023379	0
464043	865805	866689	2
542285	214326	215323	3
322260	83724	83976	1
1016214	525368	526807	0
827146	963655	964417	0
786315	16169	16911	0
92257	397201	397329	2
1016214	412439	413052	1
348855	359081	359864	0
322260	559429	559477	0
92257	920461	920607	0
827146	169792	170646	0
414608	862935	862978	1
1016214	70655	71283	0
650149	308925	308939	0
464043	220966	221072	0
