fromId	keyId	targetId	timeout
94902	461462	465452	7
132507	718693	719558	11
409378	489898	492068	1
244247	8660	9550	3
409378	1000448	1002967	3
290401	102300	106939	7
973996	886269	892206	15
158919	70091	76091	10
409378	824330	825407	0
132507	575331	578227	5
222181	243774	244247	1
94902	434740	437421	4
290401	1025593	1026318	2
409378	96288	99099	2
973996	260269	260422	8
158919	1014982	1016214	6
222181	871448	872105	2
403237	371676	372033	5
244247	220408	221165	11
409378	29137	31961	1
409378	536076	538177	4
244247	113470	114607	7
973996	404628	406102	8
132507	940910	944455	9
222181	222891	222975	0
132507	403378	404091	14
409378	830186	832532	1
973996	745829	749409	0
290401	458053	458316	0
222181	490966	492068	16
244247	519699	522408	4
409378	337414	338304	9
158919	717760	719558	10
409378	183337	185445	3
158919	787546	790320	9
158919	1007349	1009650	5
244247	360310	365538	3
132507	238389	238942	0
158919	763863	765652	9
409378	1016579	1016963	1
94902	248938	249946	11
403237	374060	374625	5
409378	30717	31961	0
403237	748485	749409	3
244247	769724	771016	6
222181	117906	120046	13
94902	1000912	1002967	9
158919	821412	821616	2
132507	194536	197817	11
290401	174667	175354	6
244247	857242	860321	6
290401	181437	182521	9
94902	961994	966144	24
973996	750838	751979	0
158919	236526	237647	0
94902	546338	553941	21
158919	228859	230416	1
290401	862512	865765	2
290401	372142	374625	3
403237	287117	290401	5
973996	736287	739081	4
222181	215258	216883	8
403237	19176	23146	6
244247	245473	245695	0
973996	989226	991799	2
158919	841533	851350	4
403237	608637	609989	3
973996	408450	408499	6
290401	878425	892206	21
403237	950599	954834	19
244247	26658	27453	4
973996	918791	919539	10
94902	26470	27453	4
403237	715048	715133	0
403237	407230	408160	1
158919	190197	193821	3
132507	620244	624773	7
158919	139428	140443	7
290401	313403	314036	1
409378	384909	385773	7
409378	688449	691286	4
403237	560061	561988	15
290401	221285	221871	7
973996	957853	958776	24
403237	441687	442735	1
94902	42591	43174	3
94902	112958	114607	1
244247	597157	598015	1
290401	351479	353698	6
158919	353819	354873	3
222181	902930	905208	7
403237	102771	106939	15
409378	886103	892206	2
973996	938449	944455	13
244247	97050	99099	6
409378	85826	90093	2
244247	964236	966144	4
409378	507012	507083	1
132507	923606	924989	7
94902	160414	162563	4
244247	453156	455336	0
409378	478771	480277	2
409378	376198	376922	8
403237	134609	134778	9
290401	261296	261950	9
290401	593787	598015	2
403237	626067	627409	3
132507	77604	81597	4
973996	541699	553941	28
290401	245308	245695	6
94902	899751	905208	10
403237	267799	267886	18
409378	940698	944455	3
403237	839780	851350	3
290401	620566	624773	2
403237	1797	3041	3
409378	814217	815460	0
403237	97003	99099	27
973996	390157	391364	11
132507	967472	969501	6
409378	774945	778081	5
409378	35392	35893	0
244247	851854	851872	4
132507	1889	3041	11
94902	768007	768040	17
132507	346571	346588	16
132507	199486	199657	0
403237	262785	263199	18
244247	941435	944455	5
94902	606657	607571	2
222181	301047	306706	6
973996	550633	553941	10
132507	469218	470575	12
244247	783858	785342	3
403237	759614	762251	5
409378	548496	553941	16
222181	354480	354873	0
290401	623437	624773	2
158919	344781	345676	10
403237	565886	570375	5
290401	934543	936425	3
158919	1016176	1016214	5
403237	985760	985974	2
973996	703005	703408	8
409378	199075	199265	7
973996	25015	27453	1
222181	970755	973996	4
94902	185973	186016	2
94902	558530	559477	4
973996	795809	796204	3
409378	28821	31961	1
94902	103482	106939	2
222181	503886	505997	7
244247	398453	401960	3
403237	778874	780277	1
132507	220776	221165	2
94902	143452	149423	4
94902	642177	643586	2
222181	686903	691286	12
290401	282581	285454	9
222181	707639	711452	11
94902	254989	255421	13
409378	38674	39534	0
290401	545754	553941	25
409378	308564	308939	5
290401	805839	807477	5
222181	626873	627409	7
290401	505491	505997	4
244247	809530	810848	5
290401	384139	385773	3
132507	544	3041	11
403237	14505	16911	5
290401	500024	502601	1
222181	844485	851350	1
132507	623189	624773	6
158919	417804	418391	10
290401	714318	715133	7
222181	557454	557799	3
94902	78057	81597	5
132507	461473	465452	13
132507	951574	954834	22
158919	962836	966144	27
409378	197254	197817	8
158919	484058	492068	16
222181	933356	933667	3
973996	255513	256585	18
132507	892070	892206	6
973996	323576	332157	20
94902	340553	341078	9
132507	691281	691286	9
973996	212414	213739	8
222181	41462	43174	4
290401	889439	892206	7
973996	890825	892206	14
94902	338816	341078	10
244247	966356	969501	3
158919	764457	765652	9
