fromId	keyId	targetId	timeout
670082	610279	614437	7
277634	381341	383205	5
936425	989870	991799	2
319165	269725	271850	15
917216	455348	455375	7
528802	149311	149423	9
290523	642098	643586	2
277634	734420	739081	9
269522	210599	210869	2
406544	352303	353698	6
277634	299306	299782	0
917216	165021	168361	7
679061	1033004	1040759	5
269522	113568	114607	2
878094	269392	269522	0
936425	248468	249946	16
406544	677609	679061	6
917216	888120	892206	10
936425	548604	553941	8
528802	797503	798431	9
528802	381964	383205	8
528802	863161	865765	14
319165	572761	578227	3
528802	156238	157920	10
878094	515996	519666	4
917216	402652	403237	9
670082	647773	648336	9
277634	630179	630770	2
878094	630073	630770	4
406544	25436	27453	3
679061	212425	213739	11
406544	423955	424541	1
878094	542493	553941	31
679061	931294	931681	12
528802	657404	657790	3
319165	216734	216883	12
290523	885401	892206	12
319165	424128	424541	0
290523	113802	114607	5
277634	842673	851350	6
277634	197529	197817	6
269522	649426	652401	1
917216	597286	598015	6
936425	509977	510670	3
149423	521489	522408	1
679061	359284	359864	12
878094	963749	966144	9
290523	87381	90093	6
528802	694719	695538	1
290523	66511	67678	7
528802	932117	932232	1
528802	350909	353698	7
670082	669057	670082	10
149423	723996	724387	0
670082	978363	979430	0
670082	209380	210869	17
319165	403835	404091	0
269522	133229	133308	3
290523	165729	168361	8
679061	566400	570375	8
406544	388004	388598	6
319165	391338	391364	0
290523	776074	778081	6
319165	57803	58031	6
936425	198922	199265	23
878094	267345	267886	0
679061	303818	306706	8
277634	457423	458000	1
269522	835083	835390	4
917216	173163	175354	2
878094	521297	522408	3
878094	337650	338304	2
406544	616741	618091	11
319165	553290	553941	8
670082	1037506	1040759	2
936425	180700	182521	17
528802	826211	828435	11
277634	687074	691286	6
936425	132582	133308	16
149423	539505	553941	20
679061	103321	106939	20
528802	421006	422017	4
277634	175059	175354	1
277634	1032476	1040759	7
269522	752623	752709	1
319165	81813	83034	12
277634	1014514	1016214	2
878094	646668	648336	6
917216	983403	984060	0
679061	99869	101892	18
936425	760287	762251	3
406544	646229	646610	6
319165	556090	557799	17
406544	783852	785342	21
936425	257280	257489	20
670082	244531	244616	3
679061	873526	874911	11
679061	675809	676138	6
319165	309251	309308	19
269522	968461	969501	33
936425	155946	157920	17
528802	667008	667260	0
149423	1001802	1002967	5
406544	219321	221165	13
269522	130979	131196	3
406544	767564	767879	21
269522	356406	359864	7
277634	184979	185445	2
878094	734259	739081	14
670082	238312	238942	3
319165	735156	739081	2
149423	45064	48391	4
670082	978284	979430	0
670082	147673	149423	6
269522	406111	406544	0
269522	495093	498420	6
917216	545416	553941	23
528802	112652	114607	3
269522	901047	905208	13
670082	216848	216883	8
149423	1033334	1040759	4
917216	259188	260422	6
319165	346748	349547	10
406544	81090	81597	6
406544	1018007	1020859	5
406544	402422	403237	8
319165	633783	634784	1
917216	636965	640199	6
149423	1004562	1005439	5
917216	66494	67678	5
406544	258460	258798	17
406544	437703	437880	0
917216	638369	640199	6
936425	325499	332157	32
290523	79899	81597	6
319165	969388	969501	27
406544	51756	54609	3
290523	1036444	1040759	3
290523	898883	899487	7
290523	344992	345676	10
406544	383366	385773	6
936425	1040686	1040759	5
917216	725300	727646	9
679061	182454	182521	3
406544	950283	950468	14
290523	402957	403237	7
679061	94729	94902	6
290523	333121	338304	8
670082	197445	197817	8
319165	817944	818271	0
679061	4683	7207	3
917216	732835	739081	11
319165	659211	662550	5
269522	85898	90093	3
936425	443226	445869	4
917216	946907	947266	0
406544	250181	255421	18
290523	178843	182521	11
936425	176916	177600	15
917216	273958	274989	0
269522	838564	839000	5
670082	707085	707559	0
269522	142950	149423	8
528802	167875	168361	14
149423	556592	557799	13
679061	107736	110457	18
277634	375290	375301	1
319165	339494	341078	5
917216	1027232	1030193	3
149423	73666	76091	12
269522	271698	271850	0
878094	170023	170646	0
679061	209021	210869	19
936425	880348	892206	10
277634	47242	48391	0
319165	994956	995910	3
277634	888486	892206	9
149423	683879	691286	4
277634	149496	149971	0
290523	903775	905208	6
149423	473582	474019	1
528802	51057	51185	2
290523	327744	332157	6
277634	326502	332157	8
917216	324335	332157	7
277634	731040	739081	13
670082	1005823	1009650	3
878094	495442	498420	3
528802	17172	23146	3
290523	1033773	1040759	4
319165	306102	306706	16
277634	54912	55604	0
917216	529515	531849	9
528802	278787	281657	7
679061	1034060	1040759	5
679061	251603	255421	10
406544	915751	917216	13
