fromId	keyId	targetId	timeout
225996	249327	249946	0
765735	958837	959083	0
255258	593882	596578	1
3978	368108	368188	0
958104	250244	252008	0
243146	109391	110457	0
300832	981152	984060	1
228625	909787	910106	0
3978	339268	339686	0
300832	854049	856857	1
461652	562045	562262	0
225996	942076	942126	0
461652	605305	607571	0
707559	178223	179957	0
506410	774384	776080	0
64478	635065	636019	0
765735	1029284	1029343	0
765735	356158	356213	1
225996	462724	464043	0
186474	441440	441627	0
243146	367394	367995	0
833608	806714	806794	1
186474	965870	966144	4
461652	467106	467177	0
243146	109779	110457	0
228625	473217	473349	1
3978	762937	765652	0
119730	327816	328277	0
64478	910084	910106	0
506410	1023570	1024057	1
833608	724997	727116	1
119730	740648	741908	0
3978	95638	95908	0
255258	57565	57763	0
300832	747410	750208	1
707559	889424	889666	1
300832	890245	892206	2
186474	501865	502601	0
119730	89032	89563	0
300832	365507	365538	0
765735	776797	778081	0
243146	891330	892206	0
225996	737557	737744	0
186474	272528	273352	1
255258	236150	237647	3
506410	948783	949586	0
411540	310236	312091	3
119730	244809	245695	0
338304	859881	860219	2
707559	863275	863975	1
64478	761848	762060	0
255258	185753	186016	0
228625	1025061	1025369	0
228625	268723	268770	0
186474	14890	15228	2
255258	836483	836655	0
186474	547436	547526	0
228625	329279	329327	0
186474	103759	104652	3
119730	198191	198450	0
228625	623113	624773	0
833608	191368	191401	0
707559	1009232	1009650	0
64478	895443	896184	0
3978	842496	851350	2
64478	768377	768405	0
300832	766364	767879	0
461652	989112	989899	0
300832	1018451	1019868	0
255258	578441	578665	2
833608	521332	522408	0
338304	141803	142046	0
119730	447126	448841	0
186474	647577	647753	0
506410	114081	114607	0
411540	509573	510670	0
338304	723212	723648	0
119730	649844	650149	0
765735	985506	985974	0
765735	1013871	1015557	0
186474	1047848	1048453	2
765735	234126	237647	2
338304	25824	27129	1
119730	159660	160878	0
411540	502040	502601	0
958104	652081	652401	1
506410	3234	3790	0
64478	107543	110457	0
228625	761343	762060	0
461652	769109	771016	0
338304	223152	225618	2
707559	732304	732869	0
243146	1029857	1030193	2
338304	359108	359864	0
3978	700599	702175	0
225996	37558	38145	0
186474	901545	905208	2
338304	588604	589154	0
64478	939131	942126	0
411540	390102	391364	3
833608	174316	175354	0
506410	426640	429707	0
228625	703169	703408	0
243146	616953	617117	0
64478	610945	611271	0
228625	691331	693176	0
300832	1029886	1030193	0
300832	549182	549972	0
119730	627156	629887	1
958104	672217	673373	1
3978	740779	741908	0
833608	481570	481797	0
3978	502919	503721	0
119730	760293	761194	0
64478	108177	110457	0
833608	668936	669267	1
506410	879264	880570	0
119730	991829	992036	1
707559	529000	531327	0
411540	210542	210869	3
255258	372402	374625	0
958104	693097	693176	1
958104	243442	244119	0
186474	69898	70085	2
119730	296623	297772	0
300832	291118	292738	1
300832	506866	507083	0
338304	493708	495042	0
243146	742543	742859	0
707559	881235	882152	1
228625	806136	806794	0
300832	141568	142046	0
225996	651192	652401	0
228625	593902	596578	0
461652	298107	299782	0
765735	761775	762060	0
243146	482885	483867	2
119730	299032	299782	0
64478	1000770	1001727	3
300832	953581	954834	0
707559	413394	414580	0
300832	215458	216445	0
228625	3010	3790	1
243146	79367	81421	0
186474	700821	702175	1
186474	562798	563176	0
833608	1001457	1001727	0
461652	23119	24233	2
833608	662181	662550	1
506410	91796	92257	1
186474	117631	117898	4
707559	155886	156453	0
225996	232756	237647	0
958104	627804	629887	2
338304	603340	607571	0
255258	957632	958104	0
228625	100448	101892	0
833608	738943	739081	1
186474	613394	615247	1
225996	934941	935606	0
506410	232117	237647	1
228625	806099	806794	0
3978	299333	299782	0
833608	386136	387499	0
255258	547138	547526	1
228625	193173	193465	0
833608	178582	179957	0
119730	561509	561988	0
338304	74566	76091	1
707559	897221	897487	1
765735	635618	636019	0
506410	954778	954834	0
958104	418475	420469	1
958104	194912	195934	0
186474	6761	7207	2
119730	477805	479954	0
461652	748524	750208	1
228625	912266	912394	0
64478	431572	432312	0
243146	444550	445869	0
958104	969139	969501	0
255258	591682	591862	1
255258	949790	949877	0
186474	130196	131196	2
300832	767230	767879	0
225996	482743	483867	0
255258	127686	128401	0
461652	414317	414580	0
765735	779236	780277	0
64478	128412	131196	1
300832	242603	243146	0
461652	1021339	1023379	0
707559	819377	820284	0
707559	420927	421167	0
119730	181770	182412	1
338304	75255	76091	1
64478	493478	495042	0
