fromId	keyId	targetId	timeout
546905	971518	976853	3
429756	458891	461652	0
839000	309276	309308	6
32521	310690	312091	0
869327	2399	3041	2
472959	720826	722433	3
839000	375790	375967	1
48391	534469	535002	0
171644	47777	48391	0
310033	934169	934390	0
181588	74824	76909	7
472959	887432	889666	0
171644	472295	472812	1
388514	388526	388790	1
181588	870865	872105	0
546905	629552	630942	2
40539	647265	647753	4
309308	431486	432312	2
310033	229169	229784	1
429756	703541	706307	3
145344	146950	149423	0
310033	990872	991464	0
546905	867489	868630	2
472959	79966	81421	3
546905	924951	924989	2
32521	1033613	1039150	5
472959	54655	58031	5
40539	373366	374625	1
546905	991434	991464	3
48391	426863	429707	2
839000	517735	519666	0
181588	63544	63567	5
181588	688373	689477	0
546905	230776	231678	6
48391	339100	339686	0
839000	200419	201347	6
546905	337307	338304	5
40539	829822	830743	9
869327	172836	173024	0
869327	380591	381101	4
839000	154271	155606	5
429756	516344	517644	0
310033	1044754	1044951	0
145344	274486	274989	0
388514	887658	889666	1
99099	727698	728027	3
581096	875349	875647	1
99099	122307	123198	0
309308	632866	633398	2
388514	501635	502601	0
40539	144191	145254	4
546905	514218	516056	9
48391	977795	984060	5
181588	760823	762251	4
99099	603073	607909	2
32521	146208	149423	1
546905	116165	116703	3
839000	38523	40539	4
388514	724413	727116	0
581096	926835	927250	0
546905	227547	227622	4
581096	545949	546016	2
309308	660986	662550	2
32521	1048402	1048453	3
48391	722059	722433	4
869327	321041	323492	3
310033	815314	815460	3
546905	1028272	1029343	2
839000	76370	76909	5
145344	4398	4563	6
388514	279260	280260	2
839000	123461	125214	2
40539	678023	680935	5
181588	136773	137461	3
40539	920822	921851	1
581096	359417	359864	1
181588	830498	830743	1
581096	790986	791269	0
40539	12883	13330	2
171644	372034	374625	1
48391	925195	927250	4
145344	19455	23146	9
171644	11597	13330	1
32521	320887	323492	4
32521	587353	587390	1
429756	247339	248234	0
145344	440430	441627	3
581096	137381	137461	3
48391	129010	132507	3
309308	547732	549972	4
429756	72290	73808	11
32521	205796	207609	0
40539	956872	957165	2
429756	463548	464043	0
546905	899516	899578	2
32521	654139	654597	1
429756	183195	186016	2
388514	955506	957165	3
429756	743082	743096	3
32521	6920	7207	3
309308	683663	683826	0
869327	582349	583792	2
48391	1047197	1048453	3
32521	979609	984060	2
40539	601238	607909	6
429756	178232	180469	1
40539	144896	145254	4
869327	113782	114607	4
171644	293963	294083	0
309308	594091	596578	0
581096	606110	607909	1
429756	461657	464043	0
581096	5952	6426	0
309308	13749	15228	0
32521	309515	309817	0
48391	749887	750208	2
310033	696524	696859	0
171644	274272	274989	0
546905	672898	673373	1
181588	575534	578227	0
310033	567919	571195	1
869327	453240	455336	2
40539	847437	851350	1
869327	354119	354873	2
145344	919017	920026	2
32521	790245	790293	7
869327	897285	897487	0
839000	359466	359864	2
181588	477307	477345	0
546905	867530	868630	2
48391	310307	312091	3
839000	691379	693182	1
388514	1018620	1020133	10
839000	671089	671525	1
309308	273795	274989	3
145344	69265	70085	8
472959	915446	917216	0
310033	562851	563267	2
310033	860729	861931	1
869327	644425	646173	5
309308	485594	492068	2
581096	933424	934390	6
40539	279222	280260	1
40539	336730	338304	3
581096	104600	104652	2
869327	1011063	1012464	0
32521	872916	875647	4
581096	578049	578227	3
48391	429147	429707	2
48391	991442	991464	3
145344	561705	561988	0
388514	271139	271850	1
48391	69290	70085	0
171644	721216	722433	0
309308	371948	372033	1
145344	678679	680935	2
309308	447589	448841	0
388514	154960	155606	2
309308	767748	767879	1
40539	884564	885022	1
388514	471100	472226	0
171644	915691	917216	0
48391	164257	164730	0
869327	110004	110457	4
40539	931375	931681	1
388514	352382	352613	2
869327	721417	722433	6
309308	192877	193821	2
388514	533509	533778	0
310033	485713	492068	1
472959	673802	676138	3
429756	715442	716312	4
310033	393672	394309	0
869327	897938	899487	0
839000	627398	627409	0
546905	1011123	1012464	2
429756	641334	641434	2
99099	393926	394309	6
32521	781687	782147	7
309308	395169	397329	2
181588	713606	716312	2
309308	363584	365538	1
32521	273362	274989	0
181588	396004	397329	4
581096	858789	859840	0
310033	935345	935606	0
310033	673615	676138	0
581096	567639	571195	3
869327	581419	583792	2
48391	63148	63567	1
40539	132277	132507	0
839000	299525	299782	6
99099	678840	680935	4
48391	1044325	1044951	3
99099	142820	145254	1
388514	47225	48391	8
48391	548667	549972	0
