fromId	keyId	targetId	timeout
1028002	862599	862978	2
924989	818973	820284	1
970485	183809	186016	3
924989	840373	840560	1
208458	646997	647753	3
208458	177268	177600	1
208458	761306	762251	2
835390	579606	581096	0
1028002	271025	271850	0
658390	26776	27129	2
367995	162784	163718	0
308324	349613	352613	3
249946	1013787	1018364	5
208458	617841	622093	6
249946	94560	95908	5
308324	62575	63567	2
924989	703487	706307	3
783276	640440	641274	5
440160	167473	168114	0
265451	835809	838284	2
367995	622383	624980	3
611271	440796	441627	0
249946	279827	280260	1
265451	990573	991464	0
1028002	282224	283843	0
835390	983738	984060	2
208458	104004	104652	4
835390	515157	516056	1
835390	521710	523537	1
208458	575847	578227	0
1028002	941608	942126	1
440160	278232	280260	2
1028002	70371	71283	2
690624	325514	326335	0
690624	9087	9550	2
441627	977343	984060	2
690624	538718	542285	4
265451	419154	420469	3
611271	226333	226498	0
1028002	682139	682176	0
658390	860352	861931	1
924989	958993	959083	0
441627	923233	923615	0
658390	21805	23146	2
783276	922912	923615	1
265451	357224	359864	1
265451	537673	538118	0
970485	505213	505596	1
441627	689574	689707	0
924989	33573	34514	0
367995	931751	932232	7
611271	903390	905208	3
970485	73066	73808	6
658390	920520	920607	1
690624	1008878	1009650	2
924989	746862	749409	5
658390	167246	168114	6
1028002	324549	326335	2
611271	619625	622093	0
970485	220398	221072	4
924989	860017	860219	2
611271	295681	296126	3
658390	685548	689477	0
1028002	921026	921851	1
970485	809283	810740	3
970485	806334	807477	3
611271	1037374	1039150	5
308324	175916	176813	1
658390	854183	856857	0
835390	1037488	1039150	2
249946	471934	472226	0
970485	89453	90093	5
265451	1020230	1020859	0
308324	850985	851350	1
611271	323715	323986	1
690624	673231	673373	1
308324	924498	924989	1
441627	648385	648696	0
265451	884058	885022	1
924989	584438	586117	5
1028002	569996	571195	3
440160	91519	92257	1
690624	208580	209004	0
308324	308738	308939	0
367995	143554	145254	1
970485	716017	716312	5
611271	728425	728810	2
658390	295028	296126	4
924989	893727	894583	2
690624	492207	492527	1
249946	723133	723648	3
367995	16229	23146	4
924989	80705	81421	2
924989	519778	520011	3
924989	104408	104652	3
690624	299428	299782	0
924989	169714	170646	1
611271	273463	274989	0
208458	197410	197477	1
249946	66831	68873	6
440160	830678	830743	0
690624	618107	622093	0
440160	307144	308324	3
611271	162156	162563	0
441627	398539	399686	7
208458	303014	304639	0
835390	766303	767879	4
924989	114893	116703	3
440160	548901	549972	0
308324	193408	193821	3
835390	808300	810740	2
440160	582577	583792	0
611271	429098	429707	0
783276	316716	319165	0
208458	962988	966144	2
249946	1010313	1012464	2
367995	208365	208458	2
308324	656013	657225	3
440160	662539	662550	2
441627	952337	953197	0
440160	945342	946242	1
690624	759838	762251	7
835390	564374	571195	1
970485	135346	135423	1
970485	59015	60418	3
835390	573103	578227	0
924989	635069	636019	8
265451	874270	875647	1
690624	692788	693182	1
658390	593420	596578	8
690624	472339	472812	1
440160	597176	598177	1
367995	338630	339686	2
924989	458699	461652	3
924989	793495	794879	3
970485	166314	168114	1
970485	731216	737744	7
783276	318891	319165	0
783276	72329	73808	7
1028002	180817	181588	0
308324	751424	751979	0
1028002	30525	31961	0
308324	196328	197477	2
835390	753921	754708	2
658390	802994	804403	0
265451	41845	45960	3
783276	223754	225378	0
835390	252079	254520	1
690624	390031	394309	2
249946	142624	142638	3
208458	1040826	1042530	3
970485	95172	95908	4
208458	357562	359864	0
611271	978769	984060	6
611271	190077	193821	3
783276	452502	455336	1
658390	743074	743096	5
1028002	1036700	1039150	0
208458	628305	630942	6
783276	140928	142046	0
1028002	208488	209004	0
658390	469775	470575	1
658390	149945	149971	5
970485	203376	207609	7
208458	362462	365538	1
208458	825482	827146	6
367995	252056	254520	1
970485	590755	591557	1
440160	689585	689707	0
924989	4001	4563	0
1028002	639281	640199	0
970485	889265	889666	3
308324	750625	751979	0
783276	511208	512353	2
1028002	222791	222975	0
970485	105978	106778	4
611271	114881	116703	0
208458	942256	942357	1
367995	854796	856857	8
265451	406705	408160	1
441627	194180	195934	1
690624	122634	123198	2
249946	880433	880778	2
249946	126314	128401	1
308324	728482	728810	0
367995	651177	652401	3
835390	1017958	1018364	2
265451	1030375	1032148	0
208458	97605	99099	1
835390	45173	45960	2
308324	767176	767879	0
924989	245781	245830	1
440160	95089	95908	0
690624	815364	815460	1
658390	46183	48391	5
249946	267238	267886	1
924989	421189	422017	2
