fromId	keyId	targetId	timeout
646610	548237	549972	0
306790	445675	445869	1
885022	710441	712247	5
306790	233568	237647	4
523935	433583	437421	1
523935	534188	535002	0
175354	865561	865765	5
261410	317735	319165	0
885022	302387	304639	0
285643	987698	989899	2
306790	522874	523537	1
532626	866177	868630	6
394309	562051	562262	1
441779	413192	414608	7
352613	776298	776398	2
403250	716857	719330	3
394309	238509	238942	3
403250	272465	273352	3
285643	588448	589565	2
523935	734020	737744	0
403250	131782	132507	9
957165	266493	267886	4
261410	422489	424541	1
885022	658950	658980	4
646610	649428	650149	0
352613	489416	492068	0
352613	286441	287175	1
394309	481311	481797	0
403250	802018	804403	3
176813	695908	696859	0
532626	1009092	1009650	2
371634	827920	828258	2
176813	636392	638842	2
285643	486713	492068	1
646610	639178	640199	0
646610	115234	116703	1
957165	29166	29965	0
306790	445212	445869	1
371634	733605	737744	0
523935	363077	365538	1
403250	720103	722433	3
285643	477384	479954	1
285643	582138	583792	2
261410	161740	162563	5
352613	1018102	1018364	0
371634	267208	267886	1
957165	744831	744961	3
523935	649546	650149	5
523935	601121	607909	1
646610	646848	647753	1
175354	143508	145254	4
394309	787883	788853	8
81597	630197	630942	5
394309	474486	474961	0
394309	86324	87060	2
646610	415571	415924	1
371634	368488	370308	4
532626	307998	308324	0
394309	134781	135423	5
441779	322846	323492	4
523935	705191	706307	0
261410	998557	1000187	4
957165	193922	195934	2
394309	608619	609544	1
646610	118575	118661	1
261410	885933	889666	6
646610	525297	526807	0
403250	525687	526807	0
394309	113166	113664	3
352613	279865	280260	1
403250	417606	418391	2
306790	823575	827146	9
523935	794915	796204	1
885022	105657	106778	0
81597	475092	476042	2
176813	159840	162563	2
261410	391450	394309	4
885022	353019	353698	0
885022	932684	934390	2
394309	411460	413052	2
885022	213423	215127	1
261410	831563	833608	4
523935	1031726	1032148	4
176813	337093	338304	2
532626	158737	158919	0
885022	267274	267886	0
371634	484105	492068	2
523935	453397	455336	0
261410	535088	538118	0
175354	941838	942126	3
81597	828648	830743	2
175354	840154	840560	7
285643	364988	365538	7
646610	349821	352613	4
81597	924224	924455	2
403250	188422	193821	4
523935	662378	662550	0
352613	130078	132507	4
957165	771777	772294	5
371634	966189	970485	3
646610	726	3041	1
441779	657654	657790	0
957165	769089	771016	3
261410	432118	432312	0
81597	158721	158919	0
81597	517088	517644	1
394309	236499	237647	3
261410	745815	749409	0
285643	636056	638842	1
885022	163057	163718	1
532626	291625	292738	0
957165	604030	607909	7
81597	747364	749409	2
285643	943344	944266	2
532626	627289	627409	0
532626	143855	145254	0
646610	683662	683826	0
646610	524613	525184	0
81597	31871	31961	5
523935	1021933	1023379	4
957165	190386	193821	6
81597	810125	810740	3
175354	280241	280260	0
885022	280818	281657	1
403250	533748	533778	0
532626	484193	492068	2
306790	872398	875647	7
532626	200556	201347	3
394309	986699	989899	4
532626	793275	794879	2
175354	563933	571195	5
646610	316398	316427	2
175354	719356	719558	3
441779	402318	402582	6
81597	154328	155606	1
523935	1004409	1009650	4
523935	852148	852858	1
885022	409682	413052	6
371634	608545	609544	5
261410	598759	607909	1
523935	760929	762251	4
261410	235644	237647	5
371634	347522	349547	5
175354	446774	448841	2
261410	1002061	1002268	4
285643	1000609	1001727	2
394309	651226	652401	2
175354	638454	638842	2
441779	469950	470575	0
352613	972190	976853	1
403250	266976	267886	3
394309	506847	507083	0
81597	650269	652401	3
81597	94186	95908	1
394309	952812	953197	2
371634	246363	247089	1
81597	755670	762251	5
371634	16038	23146	3
403250	783761	785386	3
394309	1025027	1025369	2
532626	429207	429707	0
306790	637275	638842	4
885022	395310	397329	7
81597	357086	359864	4
885022	864526	865765	3
441779	331780	332157	3
176813	421989	422017	3
306790	89168	90093	4
523935	649034	650149	5
394309	951158	952167	2
532626	452405	455336	0
306790	985775	989899	5
306790	545316	545659	1
175354	662740	664483	2
175354	30849	31961	3
403250	116143	116703	6
371634	864888	865765	3
261410	706123	706307	0
885022	540616	542285	2
352613	917613	917619	0
523935	863094	863975	1
957165	747591	749409	3
176813	678504	680935	2
394309	731830	737744	7
403250	358250	359864	1
646610	271840	271850	4
176813	623309	624980	3
371634	609538	609544	4
306790	555041	555642	2
523935	899313	899487	5
81597	718302	719330	3
523935	425336	429707	3
394309	311016	312091	2
352613	656246	657225	1
885022	439844	440160	3
175354	23373	27129	4
523935	738496	738897	0
