fromId	keyId	targetId	timeout
711452	1041796	1042530	0
624773	370860	372033	1
455336	374237	374625	20
221165	19688	23146	7
624773	729442	730571	1
498420	680878	680935	3
455336	605188	607571	4
624773	791529	791933	17
624773	50047	50882	3
711452	341527	341916	7
455336	689384	691286	6
349547	309551	310069	5
123198	763047	765652	1
666514	307109	308324	3
498420	787888	790320	6
778081	957250	958776	23
123198	67387	67678	10
666514	886797	892206	3
455336	666813	667260	2
666514	820076	821616	1
624773	712157	712247	2
624773	925766	926831	4
624773	476071	476082	0
711452	261737	261950	9
711452	164822	168361	15
778081	220229	221165	5
624773	20577	23146	4
498420	790601	791933	4
666514	220776	221165	6
778081	920224	920607	9
624773	43976	48391	4
778081	760970	762251	11
711452	145971	149423	9
455336	468643	470575	0
666514	180918	182521	3
498420	212405	213739	15
498420	22334	23146	0
498420	117450	117730	13
221165	404594	406102	10
624773	900469	905208	6
455336	97500	99099	15
123198	542003	553941	25
455336	591325	598015	7
221165	1039999	1040759	1
498420	631374	633398	1
498420	90629	91946	9
123198	291362	292738	3
349547	331269	332157	5
498420	60866	61121	0
349547	73821	76091	6
221165	888499	892206	8
711452	464941	465452	1
498420	111264	111713	12
711452	194418	197817	10
711452	158750	158919	9
349547	662302	662550	4
624773	996441	1002967	6
666514	446008	446573	3
455336	242944	244247	4
778081	83630	90093	6
221165	95986	99099	10
711452	714147	715133	0
498420	150365	152478	8
624773	478458	480277	1
498420	988198	991799	5
498420	119295	120046	16
123198	446662	448841	0
666514	244389	244616	13
778081	295830	296126	7
624773	86960	90093	5
498420	101119	101892	24
123198	1043382	1043581	1
711452	151477	152478	9
778081	352234	353698	7
666514	399421	401960	3
666514	412956	413052	4
221165	527144	528802	7
666514	331442	332157	6
455336	107705	110457	1
498420	105817	106939	11
778081	879727	892206	27
778081	247710	248234	5
221165	17068	23146	7
455336	875058	877936	9
778081	996793	1002967	13
624773	501452	502601	2
666514	600718	607571	4
778081	1030545	1032148	10
221165	58491	58730	3
666514	471248	472812	4
221165	165949	168361	11
778081	196348	197817	6
221165	769310	771016	0
666514	70312	76091	10
349547	515577	519666	3
221165	602959	607571	5
624773	842589	851350	24
778081	918676	919539	9
624773	261994	263199	2
498420	949174	950468	16
498420	363839	365538	7
455336	907040	908372	10
498420	37079	38145	0
711452	159043	159133	9
221165	340443	341078	14
711452	718560	719558	1
123198	184249	185445	2
666514	601985	607571	4
711452	8197	9550	0
349547	761753	762251	1
711452	144081	149423	11
711452	50763	50882	1
455336	480350	481797	9
455336	560374	561988	5
624773	782348	785342	15
711452	401628	401960	13
455336	496820	498420	1
221165	506702	507083	4
498420	544572	553941	24
349547	198324	198450	13
666514	849033	851350	0
498420	1474	3041	0
624773	86391	90093	5
498420	164091	168361	13
221165	516150	519666	5
624773	486660	492068	3
624773	715659	715899	2
711452	977027	979430	0
498420	745408	749409	6
221165	730103	730571	11
221165	373778	374625	11
349547	653103	654959	4
666514	470103	470575	3
349547	12775	16911	11
455336	671670	672032	2
498420	610196	614437	3
221165	399792	401960	8
123198	597846	598015	1
349547	325271	332157	13
624773	487663	492068	1
778081	365001	365538	5
123198	16549	16911	1
624773	573851	578227	4
666514	826613	828435	2
624773	313527	314036	6
711452	231110	231248	7
624773	182270	182521	3
221165	265100	266680	5
624773	40716	43174	5
498420	1021238	1023379	4
349547	343301	345676	13
455336	492737	495042	1
498420	643266	643586	1
455336	476779	477345	3
221165	432837	437421	10
711452	380545	381101	11
349547	509688	510670	0
123198	806527	807477	2
123198	917424	917619	1
221165	429829	431308	9
349547	843737	851350	2
349547	535499	538177	4
349547	993310	995910	7
778081	77157	77290	2
498420	572090	578227	1
624773	797104	798431	21
498420	132796	133308	8
666514	912031	912394	1
123198	368900	372033	7
711452	433080	437421	8
624773	582601	583792	4
498420	614348	614437	0
221165	624067	624773	4
498420	762367	765652	7
455336	811100	815460	26
711452	583880	584836	1
778081	149522	149971	8
221165	855804	856857	0
455336	996582	1002967	3
624773	640156	640199	0
778081	4587	7207	1
711452	619833	624773	3
221165	130763	131196	7
711452	453412	455336	1
666514	948556	950468	5
221165	155939	157920	8
455336	319201	319775	6
123198	520930	522408	5
778081	611054	614437	8
123198	843320	851350	3
455336	905032	905208	10
624773	1004346	1005439	3
624773	63784	63849	5
221165	665992	666514	4
711452	1015552	1016214	1
221165	178793	182521	10
666514	395863	401960	6
