fromId	keyId	targetId	timeout
647753	663898	664483	0
882152	1042343	1042530	6
828435	914999	915149	0
538118	158481	158919	0
58730	742627	742859	2
538118	433128	437421	2
828435	672735	673373	2
201347	736802	737744	0
429707	994603	995491	0
538118	178918	180469	1
505596	34141	34514	0
538118	816508	816935	0
538118	15297	23146	2
376922	537754	538118	0
58730	431281	431308	2
936440	429711	429756	0
505596	651080	652401	0
882152	443337	444077	1
58730	537941	538118	2
882152	261084	261410	0
201347	380775	381101	0
596578	895377	896278	1
201347	670373	670763	0
936440	711065	712247	2
312091	129278	132507	9
882152	630104	630942	1
936440	523655	523935	0
312091	550997	551130	0
201347	105920	106778	2
882152	295574	296126	0
936440	1026320	1028002	0
505596	821366	821616	0
429707	450135	455336	1
429707	1036060	1039150	0
882152	904423	905208	0
505596	501069	502601	1
312091	498300	498420	0
882152	324014	326335	0
596578	1000297	1001727	0
505596	237642	237647	1
281657	429286	429707	0
312091	280656	281657	7
828435	45305	45960	1
312091	497182	498420	0
936440	985238	989899	3
58730	427554	429707	2
201347	437380	437421	1
882152	465166	467177	3
429707	674059	676138	1
936440	730598	737744	4
647753	347592	349547	2
882152	358965	359864	1
596578	601827	607909	1
201347	178429	180469	2
882152	34310	34514	4
429707	296224	299782	1
505596	172703	173024	0
596578	788476	788853	2
376922	264826	265451	0
596578	541855	542285	6
647753	955339	957165	0
281657	185140	186016	4
58730	370778	371634	3
312091	490312	492068	0
429707	595650	596578	0
936440	831170	833608	4
882152	421080	421167	1
882152	541357	542285	0
828435	787411	788853	6
936440	79111	81421	9
882152	648352	648696	0
882152	395637	397329	0
429707	670837	671525	2
281657	976571	976853	1
936440	988335	989899	2
828435	254678	255351	2
665069	303987	304639	0
312091	57221	58031	7
828435	389605	389728	1
505596	609194	609544	2
936440	280107	280260	3
58730	733743	737744	2
936440	87944	90093	2
312091	906907	908372	3
429707	615358	615704	0
505596	504144	505596	2
828435	991047	991464	0
58730	170829	171644	0
312091	623347	624980	1
312091	310566	312091	0
665069	396561	397329	1
505596	181869	182109	1
376922	62576	63567	3
647753	157030	157920	0
505596	631214	633398	2
505596	1020421	1020859	0
505596	519460	519666	0
429707	365707	366918	0
538118	923270	923615	0
596578	840447	840560	0
882152	268118	268770	0
596578	686933	689477	1
505596	471720	472226	1
936440	164110	164730	2
882152	526920	527493	0
828435	719118	719330	3
936440	286359	287175	3
429707	271535	271850	0
505596	151686	152478	0
882152	1021989	1023379	4
647753	834715	834834	2
882152	622214	624980	1
312091	737391	737744	4
281657	984588	989899	3
828435	513995	516056	1
312091	938640	942126	8
828435	23522	27129	1
936440	599320	607909	1
312091	612485	614437	0
58730	783255	783276	1
596578	57369	58031	2
429707	283306	283843	0
665069	598625	607909	3
665069	147673	149423	0
647753	968200	970485	1
429707	159316	162563	3
538118	701854	702175	0
281657	285722	285834	0
596578	397091	397329	8
429707	545998	546016	0
376922	589290	589565	0
429707	913752	913882	4
828435	106026	106778	1
882152	416080	417194	4
538118	560560	561988	1
58730	464485	467177	4
58730	506777	507083	2
936440	287580	288828	3
312091	773235	774028	3
429707	42454	45960	4
882152	404883	405815	0
936440	713816	716312	4
201347	649715	650149	2
58730	166938	168114	0
647753	300056	300832	1
58730	252803	254520	3
312091	236918	237647	6
505596	592773	596578	0
936440	897254	897487	2
828435	346939	349547	1
936440	873477	875647	3
201347	260764	261410	1
538118	639512	640199	1
312091	721022	722433	4
201347	610010	610387	1
58730	528093	528294	2
882152	857070	857129	0
201347	704182	706307	0
882152	691038	693182	2
596578	462239	464043	7
882152	348309	349547	3
505596	300699	300832	1
376922	62763	63567	3
596578	338408	339686	5
312091	483519	483867	0
201347	222574	222975	0
201347	154917	155606	2
429707	223807	225378	3
665069	303268	304639	0
538118	844778	851350	1
201347	971636	976853	2
882152	600223	607909	3
828435	830203	830743	0
312091	858748	859840	1
281657	602624	607909	1
828435	333197	334574	2
312091	947778	949659	4
882152	319141	319165	0
538118	435504	437421	2
596578	902065	905208	0
58730	157826	157920	0
201347	847156	851350	1
596578	466000	467177	8
376922	149685	149971	1
312091	253665	254520	7
538118	200519	201347	0
538118	485768	492068	1
58730	648849	650149	0
828435	629469	630942	8
58730	1008646	1009650	5
538118	352121	352613	2
429707	767095	767879	5
538118	872281	875647	3
58730	414618	415924	2
936440	856854	856857	0
665069	932532	934390	1
882152	566704	571195	2
