fromId	keyId	targetId	timeout
38145	286498	287175	2
598177	102722	104652	0
880778	606206	607571	0
125214	380645	381101	0
598177	645677	646173	0
657215	3854	3908	2
523537	264235	264473	0
766304	601275	607571	0
38145	24690	27129	0
125214	698954	700300	0
802003	62828	63452	0
523537	655949	657215	0
38145	69343	70085	0
38145	717173	719330	0
389728	824064	825407	0
766304	978073	979430	0
802003	75364	76091	0
101892	534764	535002	2
389728	578122	578227	0
280260	333794	334574	0
523537	205371	205624	0
802003	605704	607571	0
280260	710474	711452	4
657215	741317	741908	0
94002	760259	761194	0
38145	196601	197477	0
851519	761572	762060	0
24233	321685	322260	1
94002	154353	155559	0
802003	587941	589154	0
921851	71626	73035	0
598177	598003	598015	0
657215	899993	905208	0
94002	583267	583792	1
657215	520382	521198	1
851519	45056	45960	1
880778	61212	63452	1
389728	662012	662550	0
38145	1016757	1018364	2
880778	592773	596578	0
94002	303715	304639	1
306706	30946	31961	0
163783	316987	319165	0
24233	301256	304639	0
598177	605060	607571	0
598177	713953	715133	0
523537	971171	976853	2
389728	281354	281657	0
323986	927433	927906	0
880778	666326	666514	0
117154	923253	923615	0
125214	942785	944266	0
323986	809699	810428	0
389728	271887	273352	0
24233	1031817	1032148	0
323986	257449	257489	0
306706	218219	218544	2
117154	45444	45960	0
163783	109365	110457	1
523537	136966	138649	1
389728	236756	237647	0
24233	785352	785386	1
280260	877585	877936	0
523537	783604	785342	0
851519	648525	648696	0
38145	341033	341916	1
598177	791402	791933	0
851519	735171	737744	0
306706	994708	995491	0
323986	993	3790	2
598177	726069	727116	0
880778	589285	589565	0
125214	336346	337304	0
24233	977582	979430	0
921851	997271	1000187	0
523537	381472	383205	0
921851	7769	9550	0
766304	791181	791269	1
851519	364474	365538	1
766304	959307	960974	1
802003	204182	205624	0
851519	911287	911364	0
24233	747620	750208	1
163783	489739	492068	0
802003	842763	851350	2
306706	67466	67471	0
802003	736088	737744	0
94002	851500	851519	0
101892	34789	35893	1
163783	977560	979430	0
880778	573269	578227	0
851519	1022810	1023379	3
306706	1030992	1032148	0
802003	727811	728810	1
125214	477412	479954	0
125214	131807	131811	0
38145	293088	293288	1
657215	112383	112529	1
766304	907451	908372	0
306706	694499	694821	2
101892	833715	834834	1
389728	683766	683826	0
163783	528984	531327	0
306706	511748	512353	0
306706	908753	908793	2
117154	585039	586117	0
101892	741516	741908	0
94002	131921	132057	0
125214	555941	556214	0
921851	400840	401960	0
323986	171733	172078	0
880778	401910	401960	0
163783	422793	424541	0
117154	106836	110457	2
880778	69721	70085	1
880778	27618	28048	0
880778	650702	652401	0
598177	413574	414580	0
117154	894137	894583	0
389728	964510	966144	0
598177	40885	41679	0
94002	370883	371634	0
117154	451164	451797	0
802003	573279	578227	0
117154	306815	307895	0
851519	136197	136687	0
766304	659122	659296	0
598177	104633	104652	0
117154	990636	991464	1
598177	913820	913882	0
766304	36670	38145	0
94002	187339	191401	1
94002	721964	722433	0
38145	447728	448841	0
125214	821676	823465	1
766304	35399	35893	0
880778	350827	352020	0
306706	992738	992878	0
802003	53968	54609	0
802003	57274	57763	0
802003	733275	737744	0
851519	917804	919539	0
323986	432047	432312	0
117154	103213	104652	1
38145	835305	835390	0
389728	761641	762060	1
766304	870787	872105	0
921851	400342	401960	0
163783	263711	264035	0
125214	722700	723648	0
38145	528600	528802	0
880778	214398	215323	1
389728	1027477	1028002	1
323986	69720	70085	0
163783	281464	281657	0
280260	519694	519875	0
101892	208	3790	1
657215	631756	633398	0
280260	118586	118661	1
802003	735490	737744	0
125214	818378	818396	0
163783	662559	664483	0
802003	364173	365538	0
851519	660259	662550	0
598177	42137	43174	0
323986	995990	996198	3
101892	274791	274989	2
280260	456915	458000	2
851519	658372	658390	0
125214	510217	510670	0
851519	526000	526807	0
657215	24090	24233	2
38145	816858	816935	1
101892	140396	140443	0
101892	942009	942126	0
280260	377618	377694	0
117154	417027	417194	0
280260	303423	304639	0
523537	494417	495042	0
921851	874717	874911	1
101892	842117	851350	4
117154	733013	737744	0
117154	616734	617117	0
802003	1032942	1039150	3
880778	533170	533395	0
657215	12300	13330	2
880778	597497	598015	0
880778	636864	638842	0
163783	609212	609544	0
163783	276352	277634	0
323986	937003	937245	0
94002	365972	366918	0
921851	900406	905208	1
523537	206888	207609	0
163783	624536	624773	0
598177	489715	492068	0
523537	81708	83034	1
