fromId	keyId	targetId	timeout
455375	251158	255421	12
455375	805304	807477	25
106939	359518	359864	1
774028	442651	442735	3
873236	576056	578227	2
958776	717094	719558	9
197817	784288	785342	17
873236	604926	607571	3
420469	91656	91946	2
1020859	975345	976853	4
774028	887742	892206	1
106939	578245	578665	1
455375	411717	413052	12
455375	188655	193821	5
958776	999807	1002967	3
958776	782260	785342	23
420469	623360	624773	2
106939	115221	117075	1
1020859	176434	176813	1
455375	994960	995910	1
873236	511616	512353	0
197817	95410	99099	19
774028	525375	528802	4
420469	789290	790320	6
420469	51211	54609	1
420469	401554	401960	4
873236	542235	553941	24
420469	369070	372033	7
873236	328567	332157	6
873236	167870	168361	4
420469	509699	510670	1
197817	6810	7207	0
1020859	534471	538177	5
774028	712020	712247	0
958776	629143	630770	5
420469	948547	950468	5
1020859	909980	910106	3
774028	582806	583792	0
197817	568298	570375	3
774028	55222	55604	3
774028	616315	618091	5
873236	576714	578227	2
455375	197876	198450	3
106939	693455	694184	1
1020859	751218	751979	8
197817	154291	155559	0
1020859	645612	646173	1
958776	837316	838284	30
873236	784572	785342	1
1020859	687830	691286	7
106939	125544	131196	5
774028	82409	83034	5
197817	372472	374625	8
106939	374422	374625	4
455375	487047	492068	14
197817	48624	50882	0
873236	80492	81597	10
420469	316917	319165	1
873236	159491	162563	3
774028	63500	63849	6
1020859	675980	676138	3
774028	899183	899487	2
774028	70533	76091	16
873236	117127	117154	7
1020859	243236	244247	1
873236	1000005	1002967	7
774028	344316	345676	7
958776	93770	94902	3
455375	1044738	1045821	4
106939	599701	607571	2
420469	759094	762251	10
420469	779484	780277	5
873236	571444	578227	3
1020859	50988	51185	0
197817	998816	1002967	3
774028	413851	418391	8
106939	1039437	1040759	5
106939	702960	703408	0
774028	19415	23146	3
958776	352180	353698	6
873236	544561	553941	25
420469	644645	646173	2
873236	957453	958776	16
197817	176176	176813	1
958776	551442	553941	10
455375	1017278	1020859	3
873236	1012189	1012464	0
420469	843561	851350	4
455375	169958	170646	2
197817	1006907	1009650	0
106939	1025892	1026318	3
873236	807685	810848	3
420469	539565	553941	31
420469	512761	513972	2
420469	850844	851350	3
774028	36460	38145	3
958776	686634	691286	10
420469	974186	976853	15
1020859	291787	292738	3
774028	687767	691286	4
774028	414859	418391	7
455375	582287	583792	3
455375	915887	917216	10
1020859	687232	691286	7
774028	551650	553941	3
774028	1033376	1040759	3
873236	395637	401960	4
958776	462533	465452	6
1020859	120499	123198	6
958776	1044964	1045821	3
774028	916818	917216	0
455375	901405	905208	10
1020859	474565	475598	8
873236	108527	110457	19
420469	540750	553941	31
1020859	521147	522408	2
1020859	1020782	1020859	0
455375	281337	281657	4
1020859	543887	553941	28
455375	88838	90093	2
1020859	850637	851350	2
958776	994524	995910	1
197817	136032	136687	0
106939	622481	624773	1
455375	761512	762251	19
873236	942477	944455	4
774028	541962	553941	19
197817	503747	505997	7
958776	331679	332157	8
958776	214771	216883	8
873236	519641	519666	1
455375	33940	34514	2
873236	704638	707032	1
873236	775111	778081	2
873236	907310	908372	0
420469	213701	213739	5
455375	41650	43174	1
774028	191759	193821	12
197817	332555	332707	7
420469	519573	519666	1
455375	323513	332157	13
420469	866690	872105	7
106939	756938	762251	5
958776	607631	607909	4
873236	16487	16911	1
106939	974934	976853	3
1020859	465183	465452	7
1020859	864905	865765	2
455375	410127	410762	12
873236	677882	679061	12
774028	506031	506330	0
774028	387483	388598	2
197817	419557	420469	15
455375	593119	598015	5
1020859	813741	815460	2
958776	1486	3041	2
1020859	235978	237647	4
774028	931472	931681	0
197817	311938	313252	2
420469	525818	528802	7
873236	1035643	1040759	2
420469	300148	306706	4
1020859	621181	624773	2
958776	21137	23146	2
774028	527556	528802	2
197817	156494	157920	0
774028	379619	379940	2
774028	230615	231248	9
197817	11766	16911	3
455375	92986	93002	2
420469	423034	424541	0
455375	257556	258030	9
958776	767590	767879	22
420469	667196	667260	5
420469	504226	505997	4
873236	429374	431308	7
197817	388967	391364	10
774028	684946	691286	4
455375	466482	470575	2
420469	130283	131196	3
455375	482638	492068	16
1020859	199273	199657	7
197817	271608	271850	5
958776	749554	750208	19
774028	917647	919539	0
1020859	373172	374625	8
873236	663971	665442	8
197817	888653	892206	10
197817	590390	591324	5
420469	564951	570375	0
197817	248908	249946	0
106939	352099	353698	3
958776	363409	365538	5
774028	474495	475598	1
873236	617009	618091	2
106939	754248	762251	6
197817	237801	238942	0
