fromId	keyId	targetId	timeout
458316	772117	772294	19
696859	201431	204141	8
908372	483514	492068	3
458316	324359	332157	12
458316	124825	125371	3
908372	197981	198450	5
696859	793617	796204	3
458316	880413	892206	26
1030193	471792	472812	6
458316	562979	563209	16
969501	774470	778081	4
458316	226319	226498	9
458316	271713	271850	4
238942	536302	538177	2
908372	468053	470575	0
969501	146890	149423	13
696859	168934	170646	11
238942	1041372	1042530	3
1030193	607574	607909	1
1030193	497722	498420	4
984060	21338	23146	0
3041	15691	16911	0
458316	961129	966144	38
458316	1025078	1026318	1
969501	691248	691286	10
984060	815768	816250	26
908372	10573	10639	0
984060	286437	290401	9
969501	870748	872105	9
969501	718622	719558	1
458316	37171	38145	0
238942	553195	553941	8
238942	239932	242213	1
458316	597361	598015	0
1030193	34124	34514	5
984060	207751	210869	2
908372	939643	944455	3
908372	983600	984060	0
238942	579995	583792	1
908372	884804	892206	16
3041	477356	480277	11
3041	320621	322260	3
969501	91187	91946	13
1030193	509511	510670	0
969501	813194	815460	4
969501	485109	492068	16
908372	587242	589154	2
458316	61887	63849	6
969501	324279	332157	29
458316	594449	598015	1
908372	533989	534025	4
1030193	234765	237647	6
3041	176267	176813	1
458316	248213	248234	2
696859	171316	173024	14
908372	665878	666514	0
908372	599612	607571	1
3041	661239	662550	17
984060	127722	131196	5
458316	928391	928731	10
3041	634766	634784	14
696859	222163	222181	0
696859	249520	249946	0
696859	426600	431308	5
238942	146842	149423	2
3041	997158	1002967	18
969501	333422	338304	23
984060	504295	505997	7
984060	822992	823465	26
458316	512073	512353	0
969501	18331	23146	10
696859	518650	519666	2
1030193	628103	630770	2
1030193	67646	67678	0
908372	108382	110457	2
984060	439555	441627	11
3041	698098	700300	22
908372	730268	730571	0
3041	388778	391364	9
3041	431616	432312	9
238942	638492	640199	1
1030193	676036	676138	5
238942	195003	197817	14
3041	807341	807477	8
238942	361129	365538	3
238942	36374	38145	3
908372	783133	785342	1
908372	198204	198450	5
908372	240873	242213	4
984060	500889	502601	4
696859	456995	457146	4
908372	800652	802003	0
458316	685992	691286	5
969501	874630	874911	9
3041	344725	345676	13
238942	951424	954834	13
1030193	685767	691286	9
238942	125795	131196	4
969501	984691	985974	0
696859	505228	505997	5
984060	818755	821616	27
238942	437622	437880	2
908372	824682	825407	0
969501	383686	385773	19
969501	444440	445869	20
908372	57732	58031	2
696859	222851	222975	0
238942	130541	131196	2
1030193	909113	910106	1
3041	485250	492068	12
969501	853660	853903	7
458316	575610	578227	2
984060	870935	872105	8
3041	121265	123198	1
238942	328060	332157	12
696859	543914	553941	29
984060	397376	401960	11
696859	734824	739081	2
969501	1041210	1042530	4
969501	91718	91946	13
458316	1022420	1023379	0
984060	407202	408160	15
3041	691597	694184	22
696859	665554	666514	2
969501	204384	207609	13
458316	484602	492068	6
238942	854988	856857	0
984060	846426	851350	28
1030193	33424	34514	5
238942	241752	242213	0
969501	551291	553941	3
908372	811258	815460	1
908372	414507	418391	6
696859	797391	798431	1
969501	269236	269522	15
458316	381778	383205	20
1030193	56611	58031	1
1030193	66583	67678	1
908372	794724	796204	2
908372	1027376	1030193	3
969501	115974	117075	17
1030193	512550	513972	1
1030193	27580	28048	5
238942	954030	954834	11
3041	548606	553941	24
1030193	765639	765652	20
458316	404888	406102	13
908372	98365	99099	2
238942	685516	691286	6
969501	913529	914893	17
696859	917282	917619	6
238942	236518	237647	7
908372	371021	372033	4
3041	250070	255421	10
908372	229227	230416	3
969501	774454	778081	4
238942	761668	762251	9
696859	172520	173024	11
458316	853034	853903	29
969501	990187	991799	1
1030193	701406	703408	13
458316	285462	285643	5
969501	895824	896184	14
969501	694470	695538	11
908372	878691	892206	22
908372	198680	199265	8
1030193	107082	110457	12
984060	966141	966144	37
696859	50058	50882	10
696859	1042468	1042530	10
969501	910061	910106	14
238942	742483	744681	20
238942	574713	578227	0
1030193	607451	607571	8
969501	735301	739081	3
696859	511869	512353	2
969501	197662	197817	17
696859	644119	646173	2
908372	997943	1002967	6
238942	518554	519666	0
908372	1047705	3041	2
696859	185198	185445	0
908372	133237	133308	0
238942	457783	458000	2
908372	29182	31961	2
984060	833218	833608	26
969501	977344	979430	0
1030193	414701	418391	6
3041	982283	983382	14
238942	293248	293470	1
984060	570384	571279	6
969501	54119	54609	8
238942	8476	9550	3
696859	671134	671293	4
984060	837536	838284	26
908372	328031	332157	14
908372	955524	958776	15
