fromId	keyId	targetId	timeout
159133	108390	110457	1
282024	323150	323492	0
159133	1007032	1009650	0
715899	154359	155559	0
960974	308391	308469	0
315367	278969	279679	0
785342	307292	307895	0
215323	530942	531327	0
245830	94341	94902	2
315367	259817	260029	0
282024	734947	737744	2
237696	214432	215323	1
406102	332535	332598	0
352020	126808	128401	1
406102	1000332	1001727	0
768405	920636	921851	2
186016	853432	853530	4
1039150	670503	670763	0
186016	565895	571195	1
315367	242391	243146	0
1039150	431867	432312	0
237696	203206	204141	0
237696	158559	158919	0
172509	544932	545298	1
237696	393896	394309	0
172509	570224	571195	1
960974	237675	237696	1
245830	122451	123198	1
282024	937283	937784	1
352020	319043	319165	3
960974	906727	908372	3
578665	94909	95908	0
159133	34081	34514	2
186016	408843	409102	0
768405	857458	860219	2
172509	694925	695538	1
913882	884391	885022	0
245830	438490	439346	0
172509	302778	304639	1
245830	66672	67471	1
186016	393338	394309	0
1039150	518256	519666	0
172509	573786	578227	2
578665	397891	399305	0
406102	147709	149423	0
1039150	350510	352020	2
913882	110253	110457	0
245830	576900	578227	1
159133	251335	252008	1
352020	60825	61121	0
159133	733457	737744	0
768405	182454	182521	0
715899	982447	984060	1
215323	251091	252008	0
406102	204556	205624	0
186016	900832	905208	2
282024	720530	722433	1
960974	479651	479954	0
406102	728618	728810	0
172509	922599	923615	0
215323	536027	538118	0
960974	128243	128401	0
186016	674958	676143	1
960974	358791	359864	0
186016	908370	908372	2
159133	31898	31961	2
352020	395657	397329	0
785342	802021	804403	0
16911	379081	379105	0
172509	115598	117075	1
406102	1022087	1023379	0
913882	1034150	1039150	1
215323	13468	13480	2
159133	37755	38145	2
352020	642860	643586	1
159133	1022312	1023379	0
913882	265656	266071	0
715899	559891	560259	0
186016	1000874	1001727	2
172509	681208	682121	1
406102	361207	363419	1
245830	735813	737744	1
186016	4886	6426	2
159133	868839	869327	0
227022	932127	932232	0
352020	381375	383205	2
315367	602872	607571	0
785342	412360	413052	0
768405	214216	215323	3
16911	670155	670763	0
913882	23870	24233	0
785342	805599	806794	0
227022	368853	370171	0
282024	794513	795326	2
1039150	530306	531327	0
406102	953279	954834	0
227022	151730	152478	0
768405	208851	209004	0
715899	221431	222181	1
245830	796456	798431	0
913882	936152	936425	0
245830	216028	216445	1
245830	20565	24233	3
768405	102691	104652	0
578665	62890	63452	0
159133	369912	370171	0
227022	329179	329327	0
215323	714874	715133	0
245830	928648	928731	0
315367	600429	607571	0
159133	766614	767879	2
913882	154952	155559	0
215323	816261	816935	0
172509	1023502	1024057	0
282024	240379	241047	2
578665	918150	919539	2
785342	116507	117075	1
785342	175585	176813	0
245830	349800	352020	0
785342	947619	947682	0
913882	653539	654597	0
172509	142442	142638	1
245830	572352	578227	2
715899	429008	429707	0
215323	284360	285454	0
282024	271347	271850	1
1039150	437642	437880	0
315367	681791	682121	0
245830	619885	622093	0
406102	1003723	1003913	0
578665	1035269	1039150	5
215323	551804	553941	1
785342	386747	387499	1
960974	701226	702175	0
406102	547064	547526	0
159133	876655	876946	0
245830	566538	571195	2
960974	7751	9550	0
406102	445063	445869	0
768405	100440	101892	0
237696	240927	241047	0
960974	292291	292738	0
237696	370174	370239	0
245830	567537	571195	2
227022	523306	523537	0
960974	199889	202941	1
16911	639757	640199	0
237696	67437	67471	0
406102	350000	352020	0
215323	672432	673373	0
237696	914665	914893	0
406102	941509	942126	0
715899	407201	407397	0
578665	244338	244616	0
215323	1044831	1044951	2
245830	267601	267886	0
172509	565498	571195	1
715899	917750	919539	1
960974	195803	195934	0
282024	449241	450080	0
913882	112792	113664	0
578665	91540	92257	1
237696	785902	785971	0
960974	36889	38145	0
172509	812533	815460	1
215323	153054	153643	2
186016	280617	281017	0
768405	243978	244119	1
352020	482436	483867	0
768405	341618	341916	0
282024	151471	152478	1
960974	756971	757484	0
245830	552900	553941	2
159133	451932	455336	0
16911	280653	281017	0
315367	793964	795326	1
172509	788287	788853	1
245830	497919	498420	0
227022	537560	538118	0
315367	976231	976853	2
352020	163237	163718	1
352020	490418	492068	0
352020	83439	83976	0
186016	853736	853903	4
172509	86299	87060	0
1039150	235675	237647	3
159133	693479	694184	0
282024	563287	571195	3
406102	626390	627076	0
913882	636115	638842	0
913882	349338	349547	0
315367	427326	429707	0
768405	56856	57763	0
352020	122946	123198	1
237696	839075	839095	0
237696	311868	312091	0
159133	342861	345676	0
