fromId	keyId	targetId	timeout
839095	622611	624773	0
307895	477918	479954	0
70085	771913	772294	1
70085	789108	790293	1
440419	82935	83034	0
33249	213904	215323	1
231449	606003	607571	0
869761	797742	798431	0
751979	600797	607571	0
839095	1041396	1042530	0
664877	716209	716312	0
772294	138818	138838	1
293470	157328	157920	0
869761	740156	741908	0
702175	969952	970485	0
70085	762974	765652	1
587390	186369	186474	0
702175	951549	952167	1
839095	54175	54609	0
702175	929746	931681	2
587390	858710	860219	1
33249	953290	954834	0
986431	280471	281017	2
839095	879526	880570	0
587390	826818	827146	0
772294	170195	170646	1
986431	478845	479954	0
231449	8159	9550	0
664877	290618	292738	0
293470	145591	149423	0
211654	871331	872105	0
751979	53142	53455	0
440419	354686	356213	1
986431	564674	571195	2
751979	165877	166042	0
664877	400126	401960	0
256635	731106	732039	0
365538	204206	205624	0
365538	491483	492068	0
231449	442153	442735	0
664877	149590	149971	0
664877	798753	799194	0
375967	664136	664483	0
70085	15749	16911	2
307895	766858	767879	1
702175	590651	591324	0
751979	317672	319165	0
702175	218345	218544	2
211654	809567	810428	0
375967	815930	816250	0
70085	289786	290401	1
33249	478295	479954	0
231449	1002582	1002967	0
231449	438268	438344	0
211654	400088	401960	0
986431	611371	611381	0
375967	989509	989899	1
307895	219888	221072	2
293470	333285	334574	0
33249	417100	417194	0
365538	439986	440160	0
307895	95132	95908	0
365538	860062	860219	1
440419	578302	578665	5
440419	618640	622093	5
375967	886679	889666	0
664877	323240	323492	0
839095	641862	643586	0
33249	497451	498420	0
587390	768751	768902	1
375967	85831	87060	0
365538	864210	865765	0
986431	616851	617117	0
33249	674939	676143	1
256635	691686	693176	0
211654	754850	757484	0
70085	1006266	1009650	2
375967	979010	979430	1
986431	833843	834834	2
480277	936867	937245	0
440419	252260	254307	0
772294	591248	591324	0
231449	43708	45960	0
365538	620700	622093	2
375967	769522	771016	0
772294	621852	622093	0
211654	631210	633398	0
231449	878668	880570	0
211654	1004473	1009650	1
480277	550207	551130	0
986431	738999	739081	0
751979	798136	798431	0
307895	69432	70085	0
307895	467686	470575	0
702175	181301	181588	0
33249	569421	571195	1
869761	11391	13330	3
839095	442670	442735	0
307895	305719	306076	0
256635	728397	728810	0
480277	806623	806794	1
869761	370012	370171	0
986431	46452	48391	0
211654	311022	312091	0
702175	65024	67471	0
365538	93265	94002	0
702175	877614	877936	0
664877	545903	546016	0
440419	51115	51185	0
307895	398914	399305	0
293470	867371	868630	0
839095	57093	57763	0
702175	28631	31961	1
256635	684766	689477	0
33249	735370	737744	0
664877	1015658	1016214	0
839095	639634	640199	0
440419	1014840	1015557	0
211654	630269	630770	0
869761	158526	158919	0
480277	139945	140443	2
231449	673920	676143	1
702175	649474	650149	0
375967	319572	319775	0
664877	729833	730571	0
293470	689842	690624	0
986431	883658	885022	2
702175	968119	969501	0
664877	865526	865765	0
375967	615691	615704	0
307895	872445	873236	0
33249	91541	92257	1
33249	235761	237647	0
986431	682042	682121	0
839095	698798	700300	0
869761	1020947	1023379	0
293470	938532	942126	1
664877	654334	654597	0
751979	1036242	1039150	0
702175	214761	215323	3
211654	517937	519666	0
231449	1028643	1029343	0
751979	579268	581096	0
293470	614741	615247	0
365538	199304	199657	0
33249	228411	228625	2
480277	241864	242213	1
587390	641067	641274	0
480277	625641	627076	0
751979	314382	315068	0
365538	406917	407397	0
664877	53973	54609	0
772294	1030181	1030193	1
211654	347224	348855	0
293470	500609	502601	0
307895	790021	790293	1
869761	522230	522408	0
33249	484940	487557	0
869761	45722	45960	2
375967	536174	538118	0
751979	181289	181588	0
440419	58411	58730	0
869761	761649	762060	0
839095	836096	836655	1
307895	257068	257489	0
293470	733849	737744	0
869761	903422	905208	0
256635	728131	728810	0
256635	249696	249946	0
33249	26197	27129	2
751979	293764	293817	0
839095	903005	905208	0
839095	983463	984060	0
33249	174501	175354	0
480277	22343	24233	3
751979	694483	694821	0
751979	703782	706307	0
664877	439723	440160	0
375967	444076	445869	1
751979	659331	662550	0
480277	85885	87060	2
293470	26865	27129	0
33249	597939	598015	0
869761	323134	323492	1
751979	90163	90370	0
772294	437540	437880	0
986431	292294	292738	2
751979	160241	160878	0
986431	478248	479954	0
293470	793955	795326	1
256635	550474	551130	0
480277	524580	525184	0
375967	606314	607571	0
211654	747564	750208	1
307895	431256	431308	0
293470	999832	1000187	2
211654	66469	67471	3
