fromId	keyId	targetId	timeout
440160	51546	53455	0
265451	131582	131811	0
658390	1034257	1039150	1
57763	937963	942126	2
367995	552614	553941	0
970485	745102	745115	0
970485	85279	87060	0
924989	976920	979430	0
835390	644510	646173	0
265451	923026	923615	0
611271	778818	780277	0
208458	488708	492068	0
658390	970915	976853	1
611271	672035	673373	0
1028002	696425	696859	0
57763	50010	50882	1
970485	213527	213739	1
985974	312847	313252	0
308324	903438	905208	2
985974	628455	629887	1
367995	844747	851350	1
370171	936247	936425	0
367995	318970	319165	0
441627	112897	113664	0
441627	65979	67471	0
690624	832755	832999	1
440160	960112	960974	1
57763	601843	607571	0
690624	937252	937784	1
208458	1019607	1019868	0
440160	128989	131196	1
690624	160098	160878	0
985974	503842	504141	1
370171	437703	437880	0
690624	579165	581096	0
367995	37298	38145	0
265451	544329	545298	1
265451	258071	258968	2
265451	476762	477345	0
308324	855349	856857	0
985974	395271	397329	0
370171	891869	892206	0
970485	686748	689477	0
440160	869847	872105	0
985974	446701	448841	0
611271	702796	703408	0
985974	831921	832532	1
970485	962658	964417	4
970485	175880	176813	0
208458	694516	694821	0
265451	112437	112529	0
265451	53967	54609	0
985974	986250	986431	0
370171	226972	227022	0
1028002	775653	776080	0
611271	500162	502601	0
57763	1004709	1009650	2
249946	480952	481797	0
970485	57588	57763	0
441627	433441	435554	0
985974	761380	762060	0
658390	843704	851350	2
308324	716401	719330	0
611271	860894	861378	1
658390	631816	633398	0
690624	408099	408160	0
370171	276361	277634	0
367995	107030	110457	0
440160	6364	6426	0
308324	966058	966144	0
690624	220410	221072	1
611271	373626	374625	0
265451	634693	634784	0
985974	725083	727116	0
1028002	769704	771016	0
57763	511498	512353	1
308324	996600	1000187	2
690624	1010770	1012464	0
367995	93414	94002	0
835390	217014	217610	3
440160	893905	894583	0
985974	321810	322260	0
265451	800086	802003	0
441627	839230	839684	0
441627	243455	244119	1
367995	52799	53455	0
265451	898514	899578	1
249946	443270	443284	0
658390	1027487	1028002	0
1028002	408260	408499	0
835390	757549	761194	0
1028002	482190	483867	2
658390	346872	348855	0
367995	297454	297772	0
265451	746917	750208	1
441627	280579	281017	0
265451	974999	976853	0
440160	448491	448841	0
658390	109362	110457	0
57763	917322	917619	2
440160	494920	495042	0
924989	203365	204141	0
658390	764821	765652	0
265451	508077	510670	1
249946	813390	815460	0
308324	871433	872105	0
265451	969918	970485	0
308324	21288	24233	2
441627	335461	337304	0
370171	476966	477345	0
308324	905072	905208	2
658390	782163	785342	1
835390	586460	587390	0
835390	85503	87060	0
1028002	761040	761194	0
441627	211066	211368	0
658390	113576	113664	0
249946	338938	339686	0
924989	894942	896184	0
265451	509695	510670	1
440160	30416	31961	0
265451	478075	479954	0
367995	669160	669267	0
924989	570073	571195	1
1028002	67861	68873	0
57763	31246	31961	1
440160	271196	271850	0
308324	926311	926567	2
985974	299798	300709	1
440160	430862	431308	0
1028002	941352	942126	0
440160	702355	703408	0
249946	256675	257489	0
1028002	379875	379940	0
985974	325951	326335	0
308324	594237	596578	0
970485	390106	391364	0
440160	857967	860219	1
611271	277740	279679	0
208458	1011545	1012464	0
835390	663544	664483	0
1028002	5047	6426	0
611271	328816	329327	0
208458	418529	420469	0
440160	143588	145254	1
970485	551468	553941	1
658390	379038	379105	0
924989	942598	944266	0
1028002	504787	505515	0
367995	812408	815460	1
924989	94531	94902	0
985974	834117	834834	2
308324	151024	152478	0
970485	890558	892206	2
208458	638639	638842	0
57763	130589	131196	0
985974	871928	872105	2
835390	610828	611271	0
440160	68992	70085	0
440160	791215	791269	0
440160	104870	106778	0
265451	450856	451797	0
658390	586124	587390	0
367995	323954	323986	0
57763	779402	780277	1
970485	889149	889666	2
690624	1018535	1019868	0
985974	871940	872105	2
970485	208907	209004	1
1028002	611503	615247	2
57763	475890	476042	1
265451	958578	958776	0
367995	246972	247089	0
658390	915793	917216	2
441627	642685	643586	0
924989	34184	34514	0
1028002	359089	359864	1
370171	283737	283843	0
265451	981427	984060	1
611271	373122	374625	0
690624	208922	209004	1
57763	257208	257489	1
265451	621287	622093	1
985974	639010	640199	0
924989	749498	750208	0
370171	387021	387499	0
1028002	43063	43174	3
835390	587452	589154	0
57763	583742	583792	3
57763	1023337	1023379	1
658390	271526	271850	0
308324	318658	319165	0
208458	332381	332598	0
208458	432662	435554	0
440160	203667	204141	0
367995	30115	31961	0
985974	318846	319165	0
