fromId	keyId	targetId	timeout
70085	465	3041	8
293470	769589	771016	20
70085	642939	643586	13
211654	935582	936425	11
751979	807866	810848	2
293470	226960	227022	20
211654	774006	774028	21
70085	157084	157920	0
772294	654281	654959	1
365538	108346	110457	13
365538	973159	973996	3
480277	756346	762251	6
480277	160821	162563	2
231449	847774	851350	4
751979	930944	931681	2
365538	155053	155559	9
772294	591650	598015	2
772294	458168	458316	0
211654	455894	457146	0
839095	320524	322260	17
365538	590564	591324	4
839095	726447	727646	4
211654	530182	531849	1
293470	442324	442735	8
375967	792207	792224	2
751979	228407	228625	23
211654	282169	285454	1
231449	646891	648336	5
365538	949570	950468	15
293470	517846	519666	1
751979	134733	134778	6
480277	944110	944455	7
839095	429107	431308	8
231449	668080	670082	7
70085	959050	966144	38
231449	496068	498420	1
375967	432484	437421	3
293470	197428	197817	14
375967	190352	193821	11
480277	247240	248234	2
839095	624169	624773	7
70085	648550	652401	16
772294	705634	707032	1
375967	709943	711452	14
293470	407443	408160	2
375967	343777	345676	8
211654	460069	465452	2
839095	605843	607571	3
480277	495637	498420	1
772294	253252	255421	4
293470	153236	153570	5
231449	500641	502601	0
70085	645803	646173	13
772294	970420	973996	2
375967	294582	296126	10
211654	866904	872105	11
772294	641617	641666	5
70085	761672	762251	13
365538	613427	614437	5
211654	378150	379105	6
839095	318844	319165	17
293470	79783	81597	8
211654	143712	149423	10
365538	135213	136687	11
375967	660333	662550	9
839095	335506	338304	23
751979	759829	762251	2
231449	731842	739081	11
293470	906489	907033	6
375967	739509	742311	4
839095	719192	719558	4
839095	546055	553941	14
293470	1017612	1020859	5
375967	811689	815460	2
772294	190079	193821	12
839095	834135	835390	10
480277	946685	947266	6
70085	939758	944455	10
772294	415673	418391	2
751979	255707	256585	1
772294	334189	338304	3
211654	884812	892206	21
480277	38136	38145	0
480277	468021	470575	4
375967	903068	905208	5
211654	656420	657225	4
231449	193727	193821	6
751979	861887	865765	3
293470	865033	865765	0
231449	535507	538177	2
375967	187755	193821	11
839095	335811	338304	23
772294	137509	139146	11
480277	191282	193821	7
211654	545445	553941	19
480277	421971	422017	4
365538	192455	193821	16
751979	850309	851350	3
231449	203165	204141	10
772294	564992	570375	2
751979	87517	90093	14
70085	375214	375301	18
480277	871876	872105	12
772294	248749	249946	0
293470	604932	607571	4
365538	36261	38145	0
480277	876583	877936	13
293470	622503	624773	9
293470	189005	193821	16
70085	424421	424541	7
751979	878288	892206	21
772294	496626	498420	3
480277	750268	751979	3
772294	1011270	1012464	0
375967	397206	401960	5
751979	427700	431308	5
211654	554949	555320	6
231449	733701	739081	7
375967	403765	404091	1
211654	471824	472812	1
751979	749059	749409	11
480277	285117	285454	6
211654	499875	502601	0
480277	1021071	1023379	0
480277	561002	561988	3
751979	711958	712247	2
772294	779446	780277	0
375967	293556	293817	10
211654	952410	954834	10
231449	670474	671293	7
365538	982214	983382	3
293470	430421	431308	4
365538	476480	477345	0
375967	317875	319165	14
751979	173257	175354	2
839095	427976	431308	8
480277	46916	48391	0
480277	674435	676138	5
70085	1030996	1032148	8
375967	411384	411540	4
839095	844651	851350	1
211654	653564	654959	4
211654	740389	742311	7
211654	295662	296126	0
772294	510409	510670	2
480277	494869	495042	0
231449	750116	750208	4
772294	459740	465452	2
365538	126293	131196	10
839095	826391	828435	10
375967	748698	749409	2
211654	473012	473237	1
211654	473209	473237	1
772294	967319	969501	1
211654	202617	204141	10
375967	195641	197817	11
211654	758064	762251	21
70085	773823	774028	12
211654	902749	905208	12
365538	377554	377694	0
293470	858749	860321	2
211654	638275	640199	1
375967	969299	969501	1
231449	721313	722433	4
751979	450188	451797	7
231449	823799	825407	10
365538	834823	835390	3
751979	628231	630770	1
365538	684285	691286	13
365538	903206	905208	0
375967	929668	931681	0
375967	850387	851350	2
365538	94229	94902	10
70085	946023	946150	8
365538	460980	465452	2
751979	73978	76091	8
211654	346166	346588	0
375967	759048	762251	4
70085	158428	158919	0
231449	825884	828435	5
70085	946846	947266	8
70085	500260	502601	12
70085	665215	665442	14
772294	915975	917216	0
211654	693549	694184	4
211654	457062	457146	0
365538	176607	176813	11
293470	267700	267886	24
365538	361726	365538	9
375967	172911	173024	12
375967	786390	790320	8
231449	514078	519666	4
365538	745356	749409	4
211654	388699	391364	9
751979	325165	332157	11
211654	319759	319775	3
231449	105655	106939	10
