fromId	keyId	targetId	timeout
627409	387506	388514	0
665442	887613	889666	3
627409	749564	750208	2
627409	19210	23146	1
562262	310992	312091	7
135601	41794	45960	1
299986	453331	455336	0
615247	845831	851350	3
665442	483000	483867	2
719558	434491	437421	1
719558	111185	111713	9
865765	196996	197477	0
627409	799707	802003	2
615247	730583	737744	4
627409	930048	931681	0
719558	104266	104652	9
859840	272525	273352	2
404091	438419	439346	0
135601	821457	821616	1
931681	289043	290401	0
946242	1044780	1044951	0
562262	174525	175354	8
627409	368015	368460	1
946242	696027	696859	0
562262	632094	633398	2
627409	424252	424541	0
562262	184502	186016	9
931681	148260	149423	0
859840	748287	749409	6
1018364	74830	76909	1
1018364	642810	643586	0
627409	902875	905208	0
615247	937111	937245	1
627409	864208	865765	7
865765	375967	375967	9
135601	634278	634784	3
665442	579132	581096	1
1018364	999467	1000187	1
719558	204006	207609	2
924455	96460	96511	1
615247	880768	880778	0
931681	388804	389728	2
1018364	69429	70085	0
142638	424595	429707	3
665442	727533	727646	3
946242	710390	712247	1
404091	324	3041	0
404091	1037156	1039150	0
562262	59329	60418	5
719558	818746	820284	3
946242	388635	388790	1
859840	387914	388514	8
665442	186823	193821	3
865765	732651	737744	5
404091	617203	622093	5
615247	696892	700385	1
946242	677807	680935	2
299986	406973	408160	2
627409	1035603	1039150	1
946242	374680	375967	3
859840	557123	557799	8
615247	328517	329327	2
719558	271983	273352	0
615247	191215	193821	5
859840	200186	201347	6
859840	350097	352613	5
135601	446121	446573	3
719558	615915	617117	2
931681	709457	712247	3
1018364	542959	545171	0
946242	395830	397329	1
615247	449754	450080	1
615247	811459	815460	1
924455	697558	700385	2
931681	540643	542285	2
299986	149129	149423	10
1018364	121642	123198	3
562262	58224	58730	5
946242	848823	851350	0
135601	362904	365538	2
135601	123577	125214	3
615247	780722	782147	2
142638	50729	50882	5
924455	137917	138649	1
865765	801756	802003	3
946242	814256	815460	3
946242	476710	477345	0
135601	1039100	1039150	0
924455	753095	753387	3
865765	557974	559477	2
299986	1020999	1023379	4
924455	139646	142046	1
946242	134380	135423	3
142638	825077	827146	7
299986	395858	397329	0
859840	215863	216445	6
865765	663235	664483	4
299986	436844	437421	0
627409	16636	23146	2
299986	760066	762251	5
299986	893403	893659	4
615247	945248	946242	1
404091	151312	152478	0
135601	176344	176813	0
931681	578624	578665	1
665442	807938	810740	4
1018364	12301	13330	0
865765	882977	883083	0
615247	795952	796204	0
931681	2100	3041	2
142638	328363	329327	1
719558	255844	256243	0
1018364	963012	966144	2
404091	842548	844119	1
615247	640546	641274	0
135601	285436	285614	2
931681	607895	607909	1
865765	192946	193821	1
946242	671575	671638	0
931681	514664	516056	2
562262	1035965	1039150	3
859840	148387	149423	4
562262	657568	657790	5
665442	944304	946242	7
946242	434099	437421	1
946242	488745	492068	1
719558	289483	290401	1
865765	890537	892206	0
562262	706414	707032	2
299986	385456	385773	0
719558	728377	728810	0
627409	347033	349547	1
924455	414781	415924	3
719558	917039	917216	0
615247	663790	664483	0
924455	1006953	1009650	0
924455	396212	397329	2
142638	55515	58031	9
404091	901575	905208	1
931681	973722	976853	1
946242	555550	555642	0
719558	939871	942126	2
135601	879060	880778	6
135601	565282	571195	10
665442	775840	776080	4
946242	562083	562262	0
859840	857055	857129	3
615247	303534	304639	2
719558	597818	598177	1
142638	551016	551130	1
665442	581908	583792	1
865765	947077	947266	0
719558	926461	927250	2
615247	289177	290401	2
627409	228702	229784	3
1018364	676361	676976	0
865765	837299	838284	3
719558	742836	742859	0
931681	725576	727116	2
299986	793983	794879	4
615247	321605	323492	4
1018364	618616	622093	0
627409	52626	58031	7
135601	955077	957165	0
627409	792307	794879	4
924455	741338	742859	7
946242	610431	611271	0
665442	228798	229784	0
627409	528926	532626	4
615247	293318	293470	2
627409	1023637	1024057	0
946242	572792	578227	1
924455	160726	162563	2
1018364	361209	365538	2
924455	393247	394309	2
562262	844355	851350	4
615247	665243	665442	0
135601	327004	327710	3
627409	143187	145254	0
665442	638096	638842	4
627409	259471	260029	1
135601	312670	314036	4
931681	263076	263199	2
142638	100190	102123	7
615247	965633	966144	0
719558	846990	851350	5
562262	520056	521198	10
1018364	721218	722433	1
562262	883355	885022	3
615247	987939	989899	1
931681	282862	283843	0
719558	869237	869327	0
562262	108635	110457	5
627409	144752	145254	0
865765	66210	68873	5
299986	362772	365538	3
719558	874405	875647	1
