fromId	keyId	targetId	timeout
106939	630071	630942	6
610387	467945	470575	0
958776	486407	492068	3
1020859	410424	413052	4
420469	979329	984060	7
950053	759769	762251	6
197817	571182	571195	0
106939	1048350	1048453	1
455375	343849	346588	2
863975	952604	953197	1
304639	80830	81421	3
863975	136392	137461	2
774028	307884	308324	2
455375	691259	693182	2
958776	667453	667499	5
863975	697647	700385	3
229784	285127	285614	2
958776	541148	542285	2
958776	936699	937245	3
455375	947477	947682	2
106939	931128	931681	1
455375	310022	310033	1
455375	176755	176813	9
197817	302209	304639	4
958776	994935	995491	0
455375	760067	762251	2
774028	121583	123198	3
229784	987720	989899	3
610387	720688	722433	2
455375	257475	257797	2
229784	1041968	1042530	2
610387	358331	359864	0
455375	462950	464043	0
950053	65192	68873	7
455375	75117	76909	9
1025369	532735	533778	1
106939	575695	578227	2
288828	864400	865765	0
863975	521336	523537	2
197817	803097	804403	0
774028	835987	838284	5
304639	197005	197477	0
1025369	367887	367995	0
304639	348724	349547	1
610387	662413	662550	0
958776	802090	804403	8
1020859	584192	586117	6
863975	610575	611271	6
229784	1024487	1025369	2
197817	463485	464043	0
774028	630125	630942	1
420469	846263	851350	3
106939	908490	908793	1
1025369	1019969	1020133	1
950053	929098	931681	2
610387	988970	989899	2
1020859	99881	102123	8
229784	432715	437421	2
455375	530764	532626	3
288828	710111	712247	2
420469	310298	312091	3
420469	107904	110457	2
304639	343468	346588	1
420469	639126	640199	0
304639	751768	751979	3
197817	266095	267886	3
455375	757427	762251	3
455375	948369	949659	3
950053	368405	368460	2
229784	140521	142046	12
288828	796978	799194	1
958776	70109	71283	0
950053	139936	142046	5
1020859	420149	420469	2
1025369	137139	137461	0
1020859	502732	503721	0
1020859	534822	535002	3
774028	264261	264473	0
288828	1020456	1020859	5
863975	1022807	1023379	0
229784	1011785	1012464	3
197817	204648	207609	1
197817	535947	538118	0
455375	943554	944266	2
229784	243430	244119	0
229784	132796	133308	10
420469	378781	378843	3
304639	83308	83976	0
455375	1012669	1018364	14
304639	599959	607909	5
958776	848832	851350	3
106939	962492	966144	3
863975	744578	744961	2
229784	442228	442735	1
288828	666212	667260	1
774028	288652	288828	0
420469	7778	9550	5
774028	907955	908372	0
304639	31857	31961	1
610387	605625	607909	1
197817	668897	669267	0
774028	501963	502601	0
863975	285151	285614	4
950053	530529	532626	5
1025369	375511	375967	2
863975	466100	467177	1
106939	40001	40539	1
774028	1009953	1012464	1
774028	320955	323492	2
197817	198047	198450	0
455375	1022430	1023379	7
455375	26649	27129	3
288828	576105	578227	1
610387	950299	950468	2
304639	199002	199265	0
950053	993582	994191	2
958776	803953	804403	8
106939	967720	970485	3
420469	129426	132507	7
229784	672478	673373	4
304639	893829	894583	2
229784	573863	578227	1
197817	733272	737744	0
288828	695644	696859	0
420469	500862	502601	1
958776	422211	424541	2
106939	454193	455336	2
774028	864561	865765	0
229784	963425	966144	2
1025369	186248	186474	0
304639	257984	258798	1
197817	889066	889666	1
106939	96279	96511	1
229784	150866	152478	12
610387	1018192	1018364	2
950053	440738	441627	2
106939	463730	464043	2
958776	421157	421167	2
455375	365951	366918	4
197817	907911	908372	1
863975	809203	810740	2
288828	780527	782147	2
106939	706692	707032	2
455375	470439	470575	0
304639	824226	827146	17
958776	902358	905208	3
1020859	65998	68873	6
950053	496087	497083	2
1025369	829687	830743	1
958776	5662	6426	0
304639	605721	607909	5
229784	621605	622093	2
1025369	63376	63567	3
1020859	594890	596578	5
106939	296094	296126	0
455375	837545	838284	4
610387	718433	719330	2
106939	36995	40539	3
304639	758890	762251	5
950053	239358	241047	1
288828	804498	804532	0
197817	918691	920026	2
958776	553405	553941	2
288828	1034172	1039150	8
106939	949203	949659	2
229784	194607	195934	2
197817	91591	92257	6
197817	149626	149971	6
774028	209604	210869	2
863975	329898	330701	2
958776	353280	353698	1
197817	793180	794879	0
304639	669724	670763	3
288828	753872	754708	0
1025369	95435	95908	2
958776	934109	934390	3
420469	586075	586117	1
1020859	883192	885022	8
950053	663793	664483	2
774028	401958	402288	1
863975	80030	81421	4
455375	884329	885022	0
229784	135645	137461	12
863975	354614	354873	0
1025369	566889	571195	3
1025369	803548	804403	1
304639	391356	394309	3
455375	197093	197477	1
1020859	825070	827146	11
288828	864528	865765	0
610387	718599	719330	2
229784	484719	492068	4
863975	163236	163718	0
229784	579263	581096	1
304639	50809	50882	0
229784	588854	589565	2
958776	144916	145254	1
