fromId	keyId	targetId	timeout
337304	287952	288828	0
221165	833192	833608	4
927906	755913	757484	1
337304	1020636	1020859	3
218544	939113	942126	0
778081	877531	877936	2
624773	31282	31961	0
221165	975504	976853	3
598294	263049	263199	0
754708	473382	474019	2
474961	1007991	1009650	0
221165	823995	825407	4
754708	303438	304639	3
218544	638833	638842	3
218544	57547	57763	1
711452	1031268	1032148	2
624773	276101	277634	2
961734	987558	989899	0
498420	653090	653103	0
778081	871726	872105	2
349547	14261	15228	1
598294	302024	304639	0
13330	595977	596578	0
598294	129507	131196	0
349547	979672	984060	1
498420	236788	237647	0
218544	391877	394309	0
337304	296220	297772	0
624773	239922	241047	0
218544	377850	378313	2
624773	197728	197817	0
474961	971898	976853	1
498420	19343	24233	2
776080	895654	896184	1
337304	160040	160878	0
337304	885842	886098	0
927906	984233	984393	1
221165	56708	57763	1
754708	222609	222975	2
13330	171005	171644	0
778081	554180	555320	3
961734	742455	742859	0
455336	843570	851350	2
337304	399297	399305	0
13330	533621	533778	0
498420	488507	492068	0
474961	569544	571195	1
711452	689668	690624	1
474961	914217	914893	0
598294	292406	292738	0
754708	1021429	1023379	1
927906	178709	179957	0
776080	154337	155559	0
498420	739943	741908	0
221165	744839	744961	1
474961	807412	807477	0
711452	92256	92257	3
778081	795742	796204	1
778081	360449	363419	2
666514	703690	706307	0
455336	812279	815460	0
754708	556543	557683	3
221165	286863	287175	1
711452	861909	861931	3
221165	6375	6426	1
711452	662811	664483	0
666514	268211	268770	1
455336	713733	715133	0
927906	12442	13330	0
776080	975761	976853	1
754708	934489	935606	0
778081	491097	492068	0
337304	206331	207609	0
624773	546487	546905	2
474961	281439	281657	2
498420	715244	715899	0
927906	608591	608892	0
13330	490517	492068	0
123198	480409	481797	0
474961	869775	872105	0
778081	774787	776080	2
349547	382859	383205	0
778081	403824	404091	0
927906	636267	638842	0
221165	24699	27129	1
624773	885977	886098	0
927906	948566	949586	0
13330	292341	292738	0
218544	234221	237647	0
221165	5344	6426	1
927906	738778	739081	1
624773	831431	832532	0
778081	174071	175354	0
337304	158373	158919	0
754708	32567	33249	3
666514	98385	99099	0
776080	757148	757484	3
778081	70226	71283	0
13330	496454	498420	1
123198	198448	198450	0
711452	474574	474961	0
598294	426748	429707	0
927906	145755	149423	0
455336	563322	571195	1
927906	556444	557683	0
754708	691053	691286	2
961734	568164	571195	1
123198	427457	429707	0
666514	885644	885717	0
455336	455959	458000	2
337304	298684	299782	0
666514	168453	170646	0
337304	734288	737744	0
598294	853189	853530	1
349547	183118	184483	0
598294	969126	969501	2
666514	841876	851350	2
218544	877914	877936	0
337304	740457	741908	1
711452	262738	263199	0
778081	1039544	1040759	0
337304	1047869	1048453	3
961734	824845	825407	0
778081	1013498	1015557	0
474961	676311	676976	0
455336	333194	334574	1
711452	767029	767879	0
221165	512817	512923	0
123198	503999	504141	0
598294	613021	615247	1
598294	1027782	1028002	0
13330	1010047	1012464	0
776080	117490	117898	2
221165	398155	399305	0
711452	700021	700300	0
498420	501111	502601	0
961734	674120	676143	2
776080	825828	825848	0
455336	693056	693176	0
218544	546583	546905	0
337304	590244	590546	0
455336	138697	138838	2
778081	823558	825407	0
498420	214450	215323	1
455336	284400	285454	1
337304	374335	374625	0
498420	21488	24233	1
598294	470900	472226	0
349547	286574	287175	1
666514	105849	106778	0
455336	1030849	1032148	6
221165	180271	180469	1
754708	871361	872105	0
754708	688990	689477	2
624773	175898	176813	0
754708	385702	385773	2
218544	536095	538118	0
349547	254901	255258	0
498420	293177	293288	1
927906	577070	578227	0
776080	884615	885022	1
123198	944014	944266	0
624773	397739	399305	0
123198	791043	791269	0
624773	268770	268770	0
598294	434757	435554	0
666514	873850	873920	0
337304	19713	24233	3
776080	681165	682121	2
778081	1006932	1009650	1
218544	193072	193465	1
711452	614910	615247	0
13330	417081	417194	0
349547	240974	241047	0
711452	333059	334574	0
221165	117575	117898	2
474961	371021	371634	1
927906	60741	61121	0
711452	10835	13330	2
474961	364681	365538	1
754708	814253	815460	0
474961	989619	989899	0
778081	1021100	1023379	0
498420	905336	905962	0
455336	241911	242213	1
776080	242850	243146	1
776080	108860	110457	1
337304	486297	487557	0
961734	724706	727116	0
218544	37461	38145	1
666514	318753	319165	0
474961	683468	683826	0
927906	464904	465452	0
598294	569899	571195	1
218544	551118	551130	0
711452	692839	693176	0
778081	64607	67471	0
