fromId	keyId	targetId	timeout
727116	205620	207609	1
556214	839607	839684	1
839684	697490	700385	2
556214	46961	48391	0
420795	259084	260029	5
420795	449837	450080	0
727116	1021540	1023379	0
420795	304548	304639	3
420795	57029	58031	4
271850	817591	820284	2
353698	187448	193821	4
774233	235848	237647	1
555642	598310	598405	1
420795	255324	255351	5
555642	138124	138649	1
774233	371691	372033	0
774233	615949	617117	0
727116	106573	106778	2
556214	396396	397329	1
556214	64432	64478	0
899487	752749	753387	1
899487	122562	123198	0
163718	768603	768902	3
163718	375212	375967	5
555642	678086	680935	2
556214	980032	984060	2
271850	289963	290401	0
420795	169819	170646	3
727116	296736	299782	2
163718	350102	352613	1
163718	1026111	1026318	0
774233	808634	810740	1
420795	541639	542285	1
271850	704526	706307	2
420795	797837	799194	1
555642	148070	149423	1
271850	817213	820284	2
774233	310620	312091	1
563267	600687	607909	1
555642	114332	114607	0
774233	631044	633398	0
555642	716250	716312	0
555642	450112	455336	3
839684	712772	713286	1
556214	196111	197477	0
163718	65616	68873	3
353698	599701	607909	2
555642	703577	706307	0
774233	791746	791933	0
839684	978530	984060	4
556214	538145	538177	2
353698	1011719	1012464	0
774233	740125	742859	5
899487	679942	680935	1
839684	104772	106778	5
899487	329573	330701	0
899487	840592	844119	2
271850	663526	664483	2
774233	85145	87060	3
420795	618925	622093	1
271850	814241	815460	0
353698	902466	905208	0
271850	815671	816250	0
839684	870638	872105	0
555642	549198	549972	2
556214	322776	323492	1
555642	274017	274989	0
555642	950589	950839	1
353698	545791	546016	2
899487	629270	630942	3
774233	158139	158919	0
163718	288695	288828	1
774233	809756	810740	1
271850	749825	750208	2
555642	1000743	1001727	3
420795	480514	481797	0
163718	213157	213321	0
420795	181661	182109	4
420795	972535	976853	6
563267	696258	696859	2
774233	604339	607909	1
420795	699986	700385	1
774233	191667	193821	4
420795	616169	617117	1
727116	254193	254520	1
727116	632651	633398	7
899487	699385	700385	2
899487	127198	128401	0
839684	66238	68873	7
727116	41589	41679	0
163718	214244	215127	0
271850	165700	166042	4
563267	860384	861931	4
420795	365075	365538	3
563267	453365	455336	11
420795	139495	142046	7
899487	785366	785386	1
563267	555305	555642	11
555642	927217	927250	1
353698	292707	292738	1
839684	940607	942126	5
163718	144243	145254	5
727116	501871	502601	3
727116	776945	778081	2
163718	884328	885022	1
727116	115035	116703	2
163718	270598	271014	0
774233	890105	892206	2
774233	37467	40539	6
727116	100862	102123	4
420795	124073	125214	2
163718	1020101	1020133	0
774233	973938	976853	1
727116	349331	349547	0
556214	792413	794879	1
353698	606306	607909	2
555642	93519	94002	1
271850	830536	830743	0
839684	472912	472959	0
555642	413825	414608	7
774233	878909	880778	3
727116	602349	607909	6
420795	30361	31961	2
839684	547803	549972	2
271850	538380	538508	0
420795	98064	99099	2
727116	431903	432312	2
353698	556598	557799	2
563267	441043	441627	11
555642	790096	790293	1
563267	620689	622093	0
555642	52345	58031	4
727116	945026	946242	3
271850	577035	578227	2
727116	877422	877936	0
420795	232622	237647	3
420795	501561	502601	1
271850	224211	225378	3
727116	713990	716312	11
563267	558111	559477	11
556214	776393	776398	2
420795	153960	155606	4
899487	616437	617117	1
353698	463419	464043	0
839684	688647	689477	1
271850	760433	762251	4
271850	260554	261410	4
556214	944186	944266	1
163718	111582	111713	2
839684	679874	680935	1
727116	808349	810740	1
899487	677864	680935	3
163718	900094	905208	0
271850	603580	607909	4
563267	359557	359864	9
556214	174147	175354	0
420795	856407	856857	0
556214	668450	669267	0
727116	596338	596578	5
271850	348208	349547	1
839684	60104	60418	4
899487	335023	338304	1
839684	898814	899487	1
555642	150056	152478	2
555642	687947	689477	0
271850	831156	833608	3
774233	535631	538118	1
774233	27491	28048	1
556214	314560	315068	0
353698	95441	95908	1
839684	649789	650149	0
563267	610498	611271	0
420795	898201	899487	0
563267	574883	578227	0
899487	628356	630942	3
556214	640250	641274	0
839684	594011	596578	0
556214	712307	713286	0
839684	334199	334574	0
556214	975363	976853	1
774233	318255	319165	0
420795	642588	643586	0
727116	324354	326335	2
839684	232999	237647	3
353698	797855	799194	1
555642	270205	271014	0
163718	906750	908372	1
563267	829768	830743	3
899487	110235	110457	1
163718	906969	908372	1
899487	463287	464043	1
555642	1044138	1044272	1
899487	396948	397329	1
556214	685180	689477	0
839684	658625	658980	0
163718	705	3041	1
774233	775665	776080	0
