fromId	keyId	targetId	timeout
175354	952494	954834	11
140443	359512	359864	0
81597	422282	424541	0
646610	667332	667499	1
175354	650601	652401	0
81597	8487	9550	7
532626	812179	815460	2
285643	455254	455336	2
285643	497941	498420	6
523935	613278	614437	0
983382	879131	892206	33
140443	63215	63849	8
532626	529925	531849	2
285643	252201	255421	24
532626	184219	185445	3
81597	503276	503721	0
140443	216237	216883	2
176813	163623	163718	12
646610	71475	76091	12
81597	868955	872105	8
523935	1048227	3041	9
285643	588626	589154	3
983382	1042577	1042618	0
285643	215691	216883	18
175354	637560	640199	1
532626	324001	332157	13
523935	431911	432312	9
140443	133589	134778	11
140443	342227	345676	0
983382	303812	306706	8
175354	397035	401960	4
175354	53841	54609	1
285643	442188	442735	2
285643	604848	607571	3
81597	1043969	1044272	11
175354	320279	322260	2
175354	828183	828435	1
140443	228405	228625	0
532626	350427	353698	3
175354	172290	173024	3
523935	357403	359864	4
140443	429233	431308	2
532626	1045961	3041	11
140443	397576	401960	8
140443	50338	50882	6
285643	321260	322260	0
285643	47266	48391	10
646610	756705	762251	3
176813	26038	27453	15
523935	140637	142276	3
176813	118114	120046	16
646610	717876	719558	1
532626	1035407	1040759	11
285643	394946	401960	5
983382	184282	185445	3
175354	219267	221165	5
140443	617520	618091	2
983382	78706	81597	2
532626	61148	63849	2
175354	460039	465452	2
523935	48670	50882	2
140443	69568	70085	6
523935	399396	401960	9
176813	354820	354873	2
140443	604185	607571	3
176813	601392	607571	10
176813	363837	365538	2
523935	16675	16911	2
532626	782155	785342	3
175354	61508	63849	3
140443	944160	944455	4
140443	730519	730571	2
175354	577807	578227	0
983382	859352	860321	14
523935	252517	255421	11
532626	782405	785342	3
532626	1042906	1043581	9
523935	99277	101892	16
523935	606488	607571	0
532626	675199	676138	2
140443	879263	892206	20
81597	675179	676138	2
140443	151830	152478	0
81597	523195	523537	0
532626	550048	553941	8
646610	218669	221165	3
140443	646612	648336	5
983382	1043245	1043581	2
81597	972474	973996	8
140443	469670	470575	0
532626	838330	839000	4
81597	842422	851350	27
285643	888698	892206	13
523935	535757	538177	1
140443	337252	338304	12
175354	554137	555320	10
523935	478466	480277	13
983382	133991	134778	4
285643	959202	966144	35
532626	206369	207609	3
285643	655629	657225	9
523935	10876	16911	5
175354	574811	578227	0
81597	875165	877936	9
646610	628994	630770	3
140443	786063	786381	5
176813	145444	149423	12
175354	643551	643586	0
176813	441342	441627	4
176813	158972	159133	12
983382	227826	228625	10
532626	215560	216883	3
176813	271201	271850	9
285643	216254	216883	18
285643	962245	966144	31
175354	444032	445869	1
983382	764591	765652	18
285643	195488	197817	25
175354	418789	420469	1
140443	266206	266680	1
176813	565878	570375	8
285643	876892	877936	10
532626	610171	614437	3
532626	331972	332157	7
523935	353242	353698	4
646610	899098	899487	13
285643	625431	627409	8
983382	1006985	1009650	1
532626	351955	353698	3
532626	553065	553941	4
81597	260441	261950	6
175354	1023163	1023379	3
646610	472299	472812	0
285643	288403	290401	1
285643	819053	821616	5
532626	847136	851350	4
523935	540807	553941	25
532626	688197	691286	7
523935	344815	345676	10
523935	62924	63849	8
285643	25338	27453	14
983382	1048455	3041	6
523935	471607	472812	9
285643	467502	470575	2
532626	847349	851350	4
983382	314175	315367	10
532626	258666	258798	5
81597	538246	539124	5
175354	1020879	1023379	3
140443	664858	665442	4
140443	483886	492068	2
532626	284992	285454	0
140443	836879	838284	1
81597	277908	281657	7
523935	655569	657225	1
140443	388188	388598	5
140443	28842	31961	7
81597	514328	519666	3
81597	963845	966144	24
81597	153211	153570	0
175354	641967	643586	0
285643	767038	767879	3
285643	482885	492068	5
532626	473074	473237	0
983382	85516	90093	3
176813	436272	437421	3
646610	124189	125371	1
523935	911288	912394	12
285643	566510	570375	9
646610	705426	707032	1
81597	61178	63849	13
140443	524867	528802	6
983382	74051	76091	1
646610	370816	372033	4
175354	585070	589154	2
285643	623273	624773	4
285643	312310	313252	3
983382	531603	531849	18
523935	977613	979430	1
175354	689259	691286	6
983382	959168	966144	43
532626	943469	944455	7
532626	1038910	1040759	10
646610	776899	778081	2
175354	599924	607571	1
176813	391832	401960	13
176813	247289	248234	7
285643	462882	465452	3
285643	1022533	1023379	6
532626	675931	676138	2
285643	690056	691286	9
140443	413302	418391	6
81597	275363	277634	4
140443	672904	673538	2
175354	67019	67678	2
175354	756844	762251	5
176813	521835	522408	3
