fromId	keyId	targetId	timeout
1042530	484454	484818	0
39534	233365	237647	0
513972	478549	479954	0
179957	1004156	1009650	1
313252	433584	435554	0
591324	88885	89563	0
184483	857081	857129	4
799194	171633	171644	0
1042530	825346	825407	0
179957	350822	352020	0
313252	825808	825848	0
306076	608249	608892	3
179957	556013	556214	2
591324	887635	889666	0
299782	1033102	1039150	1
401960	676195	676976	0
591324	29457	31961	2
299782	466918	467177	0
513972	97717	99099	1
401960	535180	538118	0
1042530	8811	9550	0
836655	457375	458000	0
184483	751443	751979	0
179957	327051	327710	0
313252	290145	290401	0
179957	589669	590546	0
138838	820852	821616	0
138838	73785	73808	0
1042530	271260	271850	0
799194	12055	13330	2
513972	438454	439346	0
513972	110984	111713	1
767879	549624	549972	0
513972	652288	652401	0
853530	633960	634784	0
836655	607558	607571	0
179957	173125	175354	0
853530	666097	666514	0
513972	357480	359864	1
519875	20437	24233	3
138838	979704	984060	2
179957	365167	365538	0
767879	896591	897487	0
401960	269451	269522	0
591324	561827	561988	0
422102	319497	319775	0
184483	766440	767879	0
184483	704320	706307	1
138838	684585	689477	1
767879	829509	830743	0
1042530	33603	34514	0
39534	757557	761194	2
591324	543494	545298	1
513972	511720	512353	0
306076	517394	519666	1
853530	377557	377694	0
179957	768983	771016	0
299782	962855	964417	0
306076	793835	795326	3
422102	135796	136687	1
519875	68416	68873	1
767879	495448	498420	1
306076	709047	711452	1
138838	828617	830743	0
1042530	981292	984060	1
836655	167762	168114	1
519875	485073	487557	1
513972	777051	778081	0
306076	721022	722433	1
39534	1010043	1012464	1
39534	477194	477345	0
422102	918718	919539	2
591324	741731	741908	0
138838	451150	451797	0
39534	642619	643586	3
836655	582727	583792	0
313252	847523	851350	0
1042530	785971	785971	0
179957	800295	802003	0
513972	57840	58730	1
184483	253871	254307	0
39534	240497	241047	0
519875	137590	138649	1
138838	909110	909414	0
853530	543488	545298	1
591324	39932	40539	1
39534	341176	341916	0
799194	89384	89563	0
767879	645125	646173	0
313252	494518	495042	0
306076	824864	825407	1
767879	298304	299782	0
1042530	912900	913121	0
767879	662784	664483	0
401960	499842	502601	0
422102	912278	912394	0
767879	942503	944266	2
767879	778884	780277	0
799194	437912	437924	0
519875	663113	664483	0
313252	372853	374625	0
401960	181488	181588	0
591324	114931	117075	1
519875	911315	911364	0
179957	22970	24233	4
799194	1023770	1024057	0
422102	1043052	1043581	0
313252	555460	555642	1
767879	744402	744681	0
138838	123122	123198	0
401960	314461	315068	0
591324	354848	356213	2
799194	274363	274989	2
853530	614253	615247	1
799194	994305	995491	0
513972	876770	876946	2
799194	968008	969501	0
513972	840583	851350	4
853530	1002046	1002268	0
513972	929065	929482	0
1042530	256280	256585	0
179957	242028	242213	1
1042530	759182	761194	1
591324	491955	492068	0
306076	534200	535002	0
306076	253797	254307	0
591324	133892	134778	0
39534	574405	578227	4
39534	636030	638842	3
591324	557123	557683	0
299782	815924	816250	1
401960	582344	583792	2
313252	1010041	1012464	0
401960	112997	113664	0
1042530	187002	191401	0
422102	124418	125214	1
519875	634371	634784	0
1042530	345705	346588	0
591324	417200	418391	0
853530	472503	472812	0
313252	1005409	1009650	1
313252	941039	942126	0
299782	395466	397329	0
39534	592167	596578	4
401960	823914	825407	0
853530	694249	694821	0
422102	806798	807477	0
513972	40998	41679	0
799194	132013	132057	0
138838	472202	472226	0
422102	869823	872105	0
299782	234962	237647	0
799194	702913	703408	0
767879	819026	820284	0
799194	700776	702175	0
853530	579918	581096	0
299782	146135	149423	0
767879	324253	326335	0
299782	943919	944266	0
519875	812238	815460	0
513972	273068	273352	1
179957	708475	711452	0
306076	27050	27129	0
313252	20527	24233	4
313252	296400	297772	0
422102	369147	370171	0
184483	808777	810428	1
853530	494233	495042	0
401960	933404	933667	0
519875	293543	293817	1
313252	212247	212676	0
519875	29967	31961	2
299782	437394	437421	0
853530	615447	615704	0
799194	444852	445869	0
299782	865149	865765	2
1042530	31474	31961	0
767879	329159	329327	0
836655	128289	128401	1
184483	582041	583792	0
39534	284468	285454	2
767879	984917	985974	1
1042530	920570	920607	0
513972	83597	83976	0
39534	741834	741908	2
1042530	814336	815460	0
836655	63572	63849	0
836655	527686	527965	0
306076	5672	6426	0
519875	849746	851350	0
39534	588032	589154	4
401960	617607	617867	0
313252	874357	874911	0
591324	251002	252008	0
799194	135346	135423	0
1042530	406139	406544	0
836655	588049	589154	0
