fromId	keyId	targetId	timeout
545298	781440	782147	0
404809	815483	816250	1
95908	648899	650149	0
314036	579747	581096	0
713286	620804	622093	0
691286	420484	420795	0
216445	643928	646173	0
695538	453054	455336	0
483867	832788	832999	3
851872	534511	535002	0
73808	524611	525184	0
648336	274139	274989	0
713286	909877	910106	3
314036	325990	326335	0
216445	759800	761194	0
483867	924073	924455	1
216445	207802	208458	2
648336	279314	279679	0
483867	387325	387499	3
522408	952505	953197	2
273352	984490	984545	0
273352	207895	208458	0
545298	1032143	1032148	0
648336	305884	306076	0
545298	804739	806794	1
216445	728932	728973	0
216445	793093	795326	1
95908	665513	666514	0
483867	595858	596578	0
95908	266766	267886	0
648336	69111	70085	0
695538	484294	484818	0
404809	682078	682121	1
648336	580711	581096	1
851872	237439	237647	1
695538	647055	647567	1
648336	432952	435554	0
695538	807211	807477	2
404809	836428	836655	1
713286	588050	589154	0
483867	22907	24233	1
273352	669685	670082	0
700300	808391	810428	0
691286	55951	57763	0
695538	283535	283843	2
713286	921849	921851	1
404809	61115	61121	0
851872	654532	654597	0
695538	575263	578227	2
691286	507580	507747	1
851872	609885	609989	0
700300	574435	578227	0
851872	266651	266680	0
73808	390474	391364	0
73808	463519	464043	0
713286	418644	420469	0
691286	677388	679061	1
273352	912043	912394	0
545298	447182	448841	1
95908	168056	168114	0
713286	694113	694184	0
522408	988132	989899	2
695538	852141	852858	1
404809	617411	617867	0
273352	298135	299782	0
691286	391990	394309	0
273352	54603	54609	0
118039	511005	512353	0
404809	71190	71283	0
216445	404320	404809	0
851872	679410	682121	2
314036	642557	643586	0
314036	877354	877936	1
713286	960057	960974	2
545298	656390	657215	0
273352	78461	81421	0
522408	611167	611271	0
314036	648168	648336	0
713286	300169	300709	0
852003	112817	113664	0
73808	84579	85128	0
522408	404377	404809	0
648336	146923	149423	0
700300	219092	221072	0
73808	55818	57763	0
648336	1038439	1039150	0
713286	757675	761194	3
545298	563339	571195	1
691286	898801	899578	1
691286	717321	719330	0
314036	533796	534025	0
118039	213228	213739	2
314036	149201	149423	1
118039	941359	942126	0
314036	974996	976853	3
483867	416830	417194	3
314036	803608	804403	1
483867	951768	952167	1
713286	870762	872105	2
314036	956382	957165	2
695538	550590	551130	0
73808	248877	249946	2
404809	437825	437880	0
404809	350477	352020	0
404809	369051	370171	0
695538	844716	851350	3
95908	435986	437421	0
713286	173514	175354	0
648336	901602	905208	1
73808	404993	405815	0
700300	824644	825407	0
216445	227087	228625	1
73808	974546	976853	2
851872	109015	110457	0
95908	959868	960974	1
695538	291459	292738	1
522408	1032961	1039150	5
483867	741583	741908	1
691286	441676	441779	0
483867	873491	873920	4
700300	697784	700300	0
118039	972578	976853	1
118039	111811	112529	1
273352	832536	832999	0
73808	806805	807477	0
404809	796785	798431	1
273352	231495	231678	1
314036	526952	527493	0
522408	142427	142638	1
695538	867326	868630	0
915149	546795	546905	0
851872	713110	713286	0
404809	647259	647567	0
691286	422998	424541	0
851872	278937	279679	0
695538	114648	114787	0
545298	245957	247089	3
314036	708993	711452	0
648336	757266	757484	2
691286	629092	629887	1
915149	713753	715133	0
648336	586713	587390	0
73808	946307	946651	0
522408	823778	825407	0
404809	878434	880570	1
700300	674503	676143	1
216445	705951	706307	0
545298	794906	795326	1
713286	220153	221072	0
851872	427760	429707	0
695538	218194	218544	0
273352	580881	581096	0
700300	1046081	1048453	0
700300	123388	125214	0
273352	888623	889666	0
915149	652971	653103	0
852003	590479	590546	0
73808	868696	869327	0
915149	821613	821616	0
118039	816395	816935	0
404809	579944	581096	0
73808	262749	263199	1
915149	871627	872105	0
73808	944769	944860	0
545298	1044431	1044951	0
314036	747271	750208	1
522408	282216	283843	0
691286	132488	132507	0
314036	294466	296126	1
851872	747817	750208	2
216445	769168	771016	0
273352	466595	466721	0
404809	244923	245695	0
851872	560822	561988	1
691286	133261	133308	0
73808	524579	525184	0
852003	131777	131811	0
404809	856489	856857	1
118039	668151	669267	0
73808	225249	225618	1
545298	773471	774028	0
273352	880327	880570	0
522408	31025	31961	0
648336	122029	123198	0
713286	226629	227022	2
915149	113259	113664	0
695538	216192	216445	0
216445	811591	811796	0
95908	15401	16911	2
73808	982282	984060	2
73808	861863	861931	0
522408	292406	292738	0
314036	911486	912394	3
695538	979353	979430	0
700300	369028	370171	1
695538	531742	531849	0
851872	107571	110457	0
