fromId	keyId	targetId	timeout
354873	474685	475598	1
707032	500663	502601	3
424541	175720	176813	5
424541	90769	91946	6
707032	248785	249946	14
825770	758259	762251	7
354873	704620	707032	11
707032	94660	94902	13
51185	175256	175354	1
51185	915747	917216	16
424541	869890	872105	6
51185	365497	365538	15
707032	995831	995910	0
707032	939052	944455	3
825770	174109	175354	0
707032	794602	796204	4
907033	154254	155559	0
907033	152509	153570	1
907033	328688	332157	13
424541	924903	924989	6
907033	562897	563209	15
354873	660836	662550	5
825770	735783	739081	9
410762	311206	313252	10
907033	401465	401960	0
354873	151162	152478	7
907033	791378	791933	0
410762	1016285	1016963	7
907033	151958	152478	0
707032	607050	607571	1
51185	84431	90093	4
431308	23509	24233	3
431308	756640	762251	4
707032	200048	201347	19
907033	571174	571279	6
133308	203731	204141	9
707032	473167	473237	2
707032	872185	873236	0
354873	751086	751979	10
707032	776079	778081	2
51185	54208	54609	0
133308	118451	120046	4
354873	624311	624773	4
431308	318713	319165	8
410762	785612	786042	6
424541	750358	751979	13
907033	505869	505997	0
51185	616696	618091	5
424541	898135	899487	10
424541	51234	54609	4
907033	803105	804403	3
410762	771489	771689	7
431308	254129	255421	9
354873	197251	197817	9
707032	355285	359864	23
907033	36604	38145	2
907033	77367	81597	5
354873	183997	185445	4
907033	127391	131196	1
133308	94762	94902	1
51185	218048	221165	12
51185	974942	976853	1
354873	635617	636019	4
431308	558501	559477	12
410762	329206	332157	11
707032	146556	149423	13
354873	708434	711452	10
907033	495680	498420	1
410762	308828	308939	9
907033	1044859	1045821	3
354873	228514	228625	3
410762	989475	991799	8
133308	234643	237647	5
51185	606918	607571	0
51185	333829	338304	3
354873	616646	618091	4
133308	200415	201347	9
907033	265863	266680	5
424541	96054	99099	8
707032	773806	774028	15
354873	769280	771016	7
51185	845005	851350	8
907033	412706	413052	5
51185	381371	383205	0
825770	346428	346588	11
424541	863696	865765	7
51185	277743	281657	8
354873	577104	578227	1
410762	632278	633398	7
51185	147046	149423	3
424541	873928	874911	6
51185	805037	807477	4
707032	179739	182521	16
410762	898022	899487	7
907033	496134	498420	1
424541	983190	983382	8
907033	124096	125371	1
51185	907033	907033	14
51185	149444	149971	3
51185	727634	727646	0
410762	199528	199657	19
51185	265094	266680	3
410762	477073	477345	5
424541	825873	828435	27
354873	767794	767879	10
133308	98453	99099	14
424541	1006574	1009650	7
825770	71861	76091	8
424541	317027	319165	6
354873	488066	492068	15
410762	821856	822005	5
51185	867376	872105	14
51185	156795	157920	0
431308	918179	919539	1
51185	221602	221871	10
133308	660239	662550	0
410762	306808	308324	10
431308	826778	828435	2
907033	755716	762251	3
354873	487948	492068	15
354873	511489	512353	2
424541	146121	149423	3
424541	295685	296126	6
907033	426320	431308	6
707032	315623	316427	20
707032	686993	691286	13
133308	58083	58730	0
51185	352706	353698	8
51185	557945	559477	10
410762	383489	385773	9
410762	469082	470575	2
907033	737475	739081	4
431308	228714	230416	5
410762	580790	583792	3
51185	552782	553941	3
825770	125250	125371	3
431308	800238	802003	5
354873	248228	248234	3
707032	933653	933667	0
410762	625197	627409	11
410762	951219	954834	24
133308	17878	23146	1
354873	902988	905208	10
907033	687719	691286	4
907033	432827	437421	5
354873	773518	774028	7
410762	333473	338304	13
825770	881981	892206	19
51185	414159	418391	4
825770	389059	391364	9
825770	364060	365538	10
825770	697108	700300	3
424541	843622	851350	27
707032	836466	838284	1
707032	381980	383205	19
825770	159782	162563	4
707032	1046307	3041	11
825770	434514	437421	10
410762	962831	966144	8
424541	693868	694184	4
431308	5560	7207	4
410762	416180	418391	1
707032	424108	424541	21
354873	673026	673538	10
424541	958660	958776	9
431308	972745	973996	6
707032	759914	762251	15
431308	952099	954834	13
51185	416422	418391	1
133308	148139	149423	0
410762	629432	630770	8
133308	326647	332157	8
431308	932665	933667	0
825770	563756	570375	5
825770	200085	201347	6
431308	791198	791933	3
907033	183031	185445	2
707032	377171	377243	19
51185	1000390	1002967	5
707032	676060	676138	9
424541	1009514	1009650	7
431308	682803	691286	13
907033	65415	67678	5
354873	652442	654959	6
410762	210078	210869	17
354873	114542	114607	3
410762	648697	652401	4
825770	109690	110457	15
354873	773696	774028	7
410762	647721	648336	4
907033	407178	408160	6
907033	288304	290401	4
51185	378281	379105	13
424541	397889	401960	11
431308	409354	409378	8
431308	6397	7207	4
431308	850058	851350	1
