fromId	keyId	targetId	timeout
322260	654327	654959	1
125371	241825	242213	1
804532	409401	409541	11
125371	925211	926831	4
1016214	1046582	3041	8
1016214	314284	315367	2
322260	1044225	1044272	5
1016214	600101	607571	2
322260	412101	413052	17
83034	411449	411540	7
1016214	164578	168361	13
804532	848585	851350	0
804532	6150	7207	5
322260	229907	230416	11
322260	1035653	1040759	5
125371	909396	910106	8
804532	588337	589154	7
804532	559726	559848	17
125371	605309	607571	4
125371	46624	48391	4
804532	158252	158919	16
322260	937685	944455	7
125371	61446	63849	10
804532	69194	70085	10
322260	284956	285454	5
1016214	873735	874911	5
804532	676360	676976	7
1016214	400796	401960	6
1016214	927706	928731	6
804532	280356	281657	15
125371	920695	921851	3
1016214	1026937	1030193	3
125371	301025	306706	2
322260	749941	750208	6
1016214	368785	372033	11
1016214	216079	216883	5
322260	270763	271850	6
125371	100461	101892	20
1016214	401693	401960	6
83034	712592	713589	5
322260	425723	426107	16
83034	831826	832532	25
125371	1026400	1030193	6
804532	1010805	1012464	3
322260	389345	391364	11
125371	639302	640199	4
83034	584328	584836	1
83034	181957	182521	3
322260	1034236	1040759	5
322260	921225	921851	3
804532	592571	598015	8
804532	138321	139146	15
804532	108848	110457	9
322260	121388	123198	6
125371	306167	306706	0
1016214	66811	67678	5
83034	36867	38145	7
804532	990177	991799	3
125371	703624	707032	5
83034	519838	522408	3
125371	964572	966144	26
83034	1039093	1040759	13
322260	150732	152478	4
125371	704142	707032	5
804532	11139	16911	9
322260	435608	437421	11
804532	282933	285454	15
125371	122895	123198	7
322260	450639	451797	11
1016214	830333	832532	24
125371	828847	832532	3
83034	503111	503721	0
322260	965572	966144	30
804532	53009	54609	7
1016214	256352	256585	3
804532	155835	157920	17
1016214	174088	175354	7
83034	712472	713589	5
322260	1025556	1026318	3
322260	275737	277634	5
804532	903256	905208	3
322260	126882	131196	9
1016214	127761	131196	4
804532	482891	492068	10
804532	716797	719558	8
804532	23049	23146	5
804532	789062	790320	9
804532	411408	411540	11
804532	751311	751979	7
804532	92785	92829	9
125371	237250	237647	1
804532	67920	68873	10
83034	931967	932232	8
83034	525545	528802	4
804532	357479	359864	15
804532	521309	522408	7
125371	904785	905208	7
125371	290597	292738	0
322260	357778	359864	13
125371	80393	81597	7
804532	489681	492068	7
125371	292139	292738	0
322260	814764	815460	1
125371	354587	354873	6
804532	1025304	1026318	4
804532	861951	865765	2
125371	175283	175354	0
83034	88936	90093	1
322260	702460	703408	2
1016214	682053	682424	2
83034	499498	502601	0
125371	334728	338304	1
83034	234960	237647	4
83034	419564	420469	0
1016214	487157	492068	22
322260	20013	23146	5
125371	774132	774308	12
804532	850435	851350	0
83034	773064	774028	19
83034	108599	110457	0
322260	954385	954834	18
83034	214749	216883	11
322260	619512	624773	2
1016214	326895	332157	6
1016214	889413	892206	7
83034	772234	772294	19
83034	561849	561988	3
83034	161071	162563	0
125371	296673	297772	0
1016214	793559	796204	24
804532	222284	222975	13
83034	846743	851350	27
83034	977981	979430	8
125371	400537	401960	14
322260	980938	983382	4
83034	835970	838284	27
125371	107207	110457	6
125371	122568	123198	7
1016214	404171	406102	12
83034	238162	238942	4
1016214	511779	512353	0
322260	934103	936425	6
322260	421945	422017	16
1016214	782776	785342	16
804532	1007989	1009650	5
322260	406580	406610	17
322260	193505	193821	7
83034	173509	175354	1
83034	572912	578227	3
804532	136623	136687	13
1016214	944092	944455	5
1016214	351615	353698	5
1016214	847061	851350	25
1016214	889886	892206	8
125371	283230	285454	4
804532	612760	614437	10
322260	516533	519666	1
804532	499294	502601	8
83034	936457	937245	7
83034	418551	420469	0
1016214	121993	123198	1
125371	293458	293470	0
1016214	105333	106939	1
125371	122877	123198	7
125371	448794	448841	13
1016214	979320	979430	5
1016214	333988	338304	5
1016214	304155	306706	3
804532	387039	388598	9
322260	737344	739081	10
1016214	697129	700300	4
804532	755580	762251	10
322260	411337	411540	17
1016214	618621	624773	7
322260	677572	679061	4
804532	336757	338304	26
83034	821134	821616	25
804532	797817	798431	12
83034	279137	281657	7
1016214	633019	633398	0
125371	390063	391364	12
322260	29586	31961	5
322260	997163	1002967	6
804532	114304	114607	9
804532	985191	985974	2
125371	447142	448841	13
125371	460677	465452	4
804532	207022	207609	15
83034	529817	531849	3
804532	220586	221165	14
1016214	885516	892206	12
83034	201724	204141	8
125371	375783	375967	8
1016214	766644	767879	15
804532	853551	853903	0
83034	967544	969501	24
322260	355249	359864	13
