fromId	keyId	targetId	timeout
739081	963278	966144	1
479954	626729	627076	0
9550	722074	722433	3
640199	641153	641274	0
913915	13432	13480	0
9550	699950	700385	1
857129	155785	156453	0
168393	621175	622093	0
913915	1000903	1001727	3
7207	60574	63567	2
521198	907941	908372	2
706307	401564	402288	5
857129	208977	209004	0
913915	921544	921851	0
31961	192638	193821	2
168393	1011443	1012464	1
457146	256468	256585	1
445869	708599	712247	2
861931	693160	693182	3
640199	962683	966144	1
9550	446418	446573	0
479954	715812	716312	3
479954	296272	299782	6
640199	519600	519666	0
457146	724932	727116	0
728973	411816	413052	3
861931	892146	892206	1
457146	79980	81421	9
857129	316523	319165	0
445869	744738	744961	3
31961	1048146	1048453	2
913915	123609	125214	1
728973	708149	712247	4
457146	1383	3041	3
479954	666109	667260	1
728973	561520	561988	3
640199	738730	738897	0
640199	1021742	1023379	1
728973	327063	327710	5
706307	414199	414608	5
857129	241992	242213	0
479954	628302	630942	2
9550	576184	578227	2
750208	925607	927250	2
457146	837314	838284	4
739081	502013	502601	0
750208	799947	802003	0
728973	357129	359864	3
7207	494870	495042	3
479954	231660	231678	2
445869	264440	264473	6
521198	769982	771016	0
706307	485643	492068	1
168393	460773	461652	0
479954	505950	505997	0
750208	931645	931681	0
521198	166781	168114	0
913915	25499	27129	0
739081	527565	527965	0
857129	148627	149423	0
640199	765647	765652	1
479954	684185	689477	0
479954	126178	128401	3
706307	131722	132507	5
521198	617057	617117	1
7207	433305	437421	4
750208	825670	827146	2
479954	479817	479954	0
861931	44847	45960	0
7207	405751	405815	3
640199	473193	474019	2
857129	986971	989899	1
739081	677967	680935	3
437421	266362	267886	2
7207	295558	296126	0
31961	769510	771016	6
913915	623155	624980	1
857129	372093	374625	0
168393	392051	394309	0
521198	450554	455336	2
861931	201492	202941	3
445869	56489	58031	3
437421	70879	71283	2
445869	15274	23146	2
739081	1022188	1023379	0
857129	576170	578227	5
913915	23578	27129	1
479954	704601	706307	1
445869	294190	294455	5
31961	977465	984060	3
739081	143127	145254	5
861931	857408	859840	3
445869	799260	802003	2
728973	261447	261950	4
457146	671236	671525	3
457146	895665	896278	1
521198	186820	193821	7
9550	118122	118661	3
706307	961841	966144	1
640199	13896	15228	0
706307	136750	137461	3
479954	804624	807477	2
728973	981910	984060	2
728973	525601	526807	1
9550	240101	241047	0
31961	834143	834327	1
168393	660447	662550	5
857129	408457	408499	2
437421	952272	953197	4
457146	1021803	1023379	7
457146	348973	349547	1
861931	112397	112529	1
521198	683676	683826	0
479954	908342	908372	4
168393	476285	477345	2
640199	180456	180469	0
457146	300029	300832	2
728973	279568	280260	4
750208	676642	676976	5
706307	485427	492068	1
739081	810399	810740	3
861931	897645	899487	2
861931	617904	622093	6
739081	422304	424541	0
457146	164654	164730	9
739081	218916	221072	0
640199	691494	693182	1
706307	951499	952167	0
640199	226378	226498	0
861931	872821	875647	3
445869	1041666	1042530	0
168393	608684	609544	1
9550	170827	171644	0
739081	250058	252008	0
168393	104085	104652	1
739081	794019	794879	0
168393	88514	90093	2
739081	413616	414608	1
521198	645120	646173	0
479954	74103	76909	10
521198	105521	106778	1
706307	11382	13330	2
857129	93135	94002	1
445869	614617	615247	0
479954	612965	614437	0
521198	143303	145254	1
457146	502175	502601	0
739081	264827	265451	0
706307	970631	976853	3
437421	28194	29965	0
913915	545385	545659	0
7207	23337	27129	1
861931	185152	186016	2
31961	507627	507747	2
728973	140536	142046	5
750208	989267	989899	3
7207	516269	517644	2
728973	519743	520011	2
437421	752229	752709	2
7207	78533	81421	1
750208	124375	125214	0
640199	101649	102123	5
31961	156802	157920	1
479954	54027	58031	10
913915	359011	359864	1
437421	617597	622093	7
728973	726241	727116	4
861931	497835	498420	1
739081	1199	3041	2
857129	153237	153570	0
739081	223688	225378	0
7207	655309	657225	7
521198	222317	222975	0
31961	210905	211368	0
457146	1030758	1032148	7
9550	642026	643586	2
913915	770718	771016	0
31961	295040	296126	0
640199	59805	60418	2
168393	350022	352613	1
706307	1041147	1042530	2
913915	558308	559477	2
728973	815147	815460	0
861931	307754	308324	2
7207	462176	464043	2
7207	301882	304639	0
728973	798147	799194	1
861931	277224	277634	1
861931	147875	149423	1
728973	803189	804403	0
521198	273324	273352	0
168393	163339	163718	2
9550	223293	225378	0
31961	642575	643586	8
457146	525863	526807	0
479954	781621	782147	1
706307	233354	237647	0
