fromId	keyId	targetId	timeout
823465	997604	1000187	0
118661	345675	346588	1
256243	586786	587390	0
889666	840070	840560	11
226114	806787	807477	2
591557	255509	255555	5
804403	480983	481797	1
199657	225906	226114	1
199657	428824	429707	2
804403	589825	590546	0
199657	146904	149423	2
254520	52351	58031	5
492906	552868	553941	0
492906	49768	50882	0
804403	305714	306076	1
256243	729811	737744	3
889666	587849	589565	6
118661	867852	868630	1
226114	347787	349547	3
199657	910588	911364	1
226114	1010432	1012464	4
118661	697300	700385	3
823465	112460	112529	2
591557	959168	960789	1
586117	121947	123198	9
923615	346004	346588	0
256243	917396	917619	0
823465	683816	683826	2
889666	470247	470575	1
527965	507800	510670	1
254520	496862	497083	2
527965	701918	702175	1
118661	148443	149423	0
591557	479507	479954	1
804403	1047542	1048453	2
199657	766723	767879	3
804403	810122	810740	1
804403	1003828	1009650	2
492906	71241	71283	0
256243	636799	638842	0
586117	1011172	1012464	4
256243	888553	889666	0
118661	338629	339686	0
199657	104623	104652	3
591557	270676	271014	7
527965	86530	87060	1
591557	861205	861931	1
630942	698764	700385	1
586117	664095	664483	0
199657	392750	394309	0
256243	615652	615704	1
810848	766418	767879	0
591557	31790	31961	2
256243	241689	242213	0
256243	985676	989899	4
823465	982015	984060	1
254520	802475	804403	1
586117	606147	607909	1
591557	184617	186016	5
804403	956563	957165	0
586117	809936	810740	3
591557	511180	512353	1
226114	1007210	1009650	4
199657	280646	281657	1
226114	477568	479954	1
823465	236971	237647	4
226114	720099	722433	4
492906	470913	472226	1
256243	305653	306076	0
591557	147908	149423	4
630942	617007	617117	5
630942	948192	949659	2
810848	583396	583792	1
199657	724320	727116	1
889666	708436	712247	7
923615	1040940	1042530	0
256243	234969	237647	0
889666	99951	102123	8
199657	787288	788853	2
254520	1028000	1028002	1
591557	985864	989899	5
254520	131016	132507	3
823465	879809	880778	2
804403	108775	110457	3
630942	774364	776080	5
118661	1039764	1042530	1
254520	462200	464043	1
586117	304155	304639	4
586117	424918	429707	4
823465	791302	791933	4
256243	914522	915149	1
810848	27720	28048	0
804403	472479	472812	1
118661	365215	365538	0
889666	384883	385773	0
226114	236626	237647	0
823465	956757	957165	0
804403	964666	966144	0
226114	1034502	1039150	8
889666	10883	13330	0
254520	118991	119730	0
591557	385723	385773	1
823465	915250	917216	1
630942	583407	583792	2
492906	1000969	1001727	3
527965	533533	533778	0
586117	984144	984545	5
118661	719915	720042	3
586117	1041698	1042530	5
586117	690956	693182	2
630942	959938	960789	1
492906	916392	917216	3
527965	568129	571195	1
199657	608927	609544	0
118661	488055	492068	0
591557	609694	609989	0
591557	722335	722433	4
256243	890845	892206	0
118661	338591	339686	0
254520	742469	742859	1
586117	579564	581096	1
810848	294669	296126	0
118661	539341	542285	1
118661	141358	142046	0
492906	244622	244745	0
923615	869143	869327	5
630942	336190	338304	3
591557	607580	607909	0
591557	826188	827146	0
199657	707430	712247	2
254520	336550	338304	1
823465	896685	897487	0
226114	138972	142046	8
226114	883314	885022	0
810848	214482	215127	1
586117	38489	40539	5
118661	874426	875647	2
630942	183668	186016	4
630942	406023	406102	3
118661	402141	402288	0
199657	383053	383205	0
823465	783552	785386	5
254520	594205	596578	0
889666	1000607	1001727	0
527965	1007049	1009650	0
199657	93621	94002	3
226114	737707	737744	4
923615	835089	835390	0
923615	269036	269522	0
630942	598588	607909	4
254520	110114	110457	0
630942	610942	611271	6
492906	279991	280260	0
254520	823776	827146	4
586117	781794	782147	0
492906	427039	429707	2
492906	903400	905208	2
823465	813149	815460	2
810848	65614	68873	2
630942	619543	622093	5
810848	306700	306790	1
586117	241102	242213	8
492906	691183	693182	3
889666	624694	624980	9
118661	1001722	1001727	1
226114	758041	762251	2
804403	408199	408499	2
527965	207630	208458	1
923615	678773	680935	1
810848	591933	596578	0
527965	841809	844119	0
586117	267908	267979	4
630942	1042223	1042530	0
630942	237280	237647	3
256243	752482	752709	0
492906	894868	896278	3
586117	135904	137461	13
823465	313627	314036	0
591557	8983	9550	2
527965	221114	221165	1
810848	626818	627076	0
804403	48789	50882	4
199657	151578	152478	2
199657	168699	170646	3
923615	4360	4563	1
527965	992574	994191	1
256243	280276	281657	1
823465	618243	622093	0
923615	1041375	1042530	0
118661	320270	323492	2
199657	172368	173024	3
226114	425196	429707	3
199657	520037	521198	2
527965	837348	838284	0
118661	949303	949659	1
591557	229826	230416	7
586117	131221	132507	14
