fromId	keyId	targetId	timeout
778081	951298	952167	0
776080	192305	193821	4
776080	492304	492527	0
455336	424769	429707	4
754708	514271	516056	4
498420	1006753	1009650	6
776080	869729	872105	2
776080	451382	455336	1
498420	774375	776080	5
598294	790085	790293	3
754708	145093	145254	13
498420	96914	96936	0
754708	210863	210869	10
142598	780324	782147	4
123198	690369	690624	1
961734	689212	689477	3
123198	822069	823465	1
142598	373844	374625	0
776080	133152	133308	0
754708	170879	171644	2
221165	550159	551130	0
221165	797093	799194	1
221165	197179	197477	0
754708	554813	555642	4
598294	270587	271014	8
349547	615931	617117	0
455336	842012	844119	4
218544	261075	261410	0
218544	198380	198450	6
455336	588025	589565	1
778081	988771	989899	0
598294	158295	158919	8
598294	31536	31961	5
142598	166229	168114	1
778081	53138	58031	7
221165	323121	323492	0
598294	1017586	1018364	4
598294	451432	455336	7
961734	171131	171644	0
961734	305455	306076	0
778081	478324	479954	3
123198	805094	807477	3
498420	322851	323492	3
218544	959558	960789	2
754708	571543	572536	3
349547	599671	607909	1
221165	422201	424541	0
961734	885753	889666	8
221165	1042608	1042618	0
123198	388465	388514	0
754708	299465	299782	3
221165	364296	365538	0
221165	491049	492068	0
754708	1029851	1030193	2
778081	471427	472226	3
349547	62161	63567	2
778081	783190	783276	0
778081	793744	794879	0
961734	79167	81421	3
598294	146030	149423	8
218544	566645	571195	1
498420	246598	247089	0
598294	355421	356213	5
754708	646981	647753	4
455336	263760	264473	2
778081	737886	738897	5
142598	478832	479954	1
349547	927942	927983	6
218544	531600	532626	5
221165	989826	989899	5
455336	852290	852858	0
123198	893877	894583	2
778081	971438	976853	1
13330	91152	92257	1
123198	43914	45960	1
498420	370214	370308	2
455336	419793	420469	5
776080	740835	742859	3
754708	640918	641274	3
961734	353341	353698	2
754708	631839	633398	3
474961	75179	76909	4
498420	335750	338304	3
13330	488520	492068	0
123198	93234	94002	1
455336	448921	450080	3
474961	275771	277634	0
13330	240899	241047	0
598294	687032	689477	0
142598	232486	237647	0
349547	1017448	1018364	1
961734	897290	897487	6
598294	59311	60418	5
598294	1010128	1012464	4
349547	438838	439346	0
961734	630612	630942	8
455336	357298	359864	4
221165	145544	149423	1
218544	325598	326335	1
776080	816985	820284	3
123198	288025	288828	3
123198	564562	571195	1
778081	447713	448841	2
13330	317586	319165	0
218544	785873	786315	2
498420	921304	921851	5
455336	367135	367336	4
218544	313212	314036	3
754708	403402	404091	4
13330	526077	526807	0
142598	597250	598177	2
961734	626648	627076	7
221165	235059	237647	0
961734	951655	952167	5
455336	437797	437924	2
455336	26901	27129	3
455336	353625	353698	3
349547	189056	193821	4
754708	584716	586117	4
961734	167432	168114	0
218544	485494	492068	1
598294	156492	157920	8
776080	364524	365538	6
123198	366685	366918	2
961734	1037858	1039150	0
961734	747767	749409	4
961734	23451	27129	1
598294	864796	865765	2
142598	798479	799194	3
455336	479142	479954	0
776080	364460	365538	6
961734	758717	762251	6
754708	71261	71283	7
142598	622975	624980	5
13330	625454	625555	3
598294	570030	571195	8
754708	969927	970485	1
778081	176051	176813	1
349547	345179	346588	3
778081	572551	578227	3
598294	405120	405815	7
778081	392564	394309	2
778081	1034489	1039150	2
961734	592010	596578	4
455336	411816	413052	2
13330	370483	371634	4
778081	1044604	1044951	2
142598	858618	859840	3
598294	291815	292738	5
498420	578084	578227	3
13330	570972	571195	3
776080	505521	505596	0
776080	219690	221072	2
754708	589858	590546	3
474961	211361	211368	15
218544	775769	776080	1
142598	531159	532626	5
754708	76869	76909	7
754708	398180	399686	5
455336	85242	87060	9
754708	967291	970485	2
776080	1032268	1039150	3
349547	252583	254520	2
961734	60570	63567	2
498420	52441	58031	4
123198	293449	293470	2
13330	943723	944266	1
455336	98218	99099	10
776080	364337	365538	6
598294	1041038	1042530	4
221165	976209	976853	4
754708	494022	495042	3
349547	932063	932232	7
455336	676921	676976	1
455336	820504	821616	3
142598	900392	905208	3
221165	273057	273352	1
778081	829863	830743	1
13330	398715	399686	2
961734	131900	132507	1
776080	937879	942126	2
961734	630878	630942	7
776080	903001	905208	0
349547	221564	221871	2
221165	236222	237647	0
474961	384784	385773	2
961734	791664	791933	4
961734	122510	123198	0
961734	51619	58031	4
961734	859058	859840	6
961734	561352	561988	4
778081	285243	285614	6
498420	792513	794879	5
754708	411752	413052	4
754708	845733	851350	1
455336	239727	241047	1
221165	744285	744961	3
