fromId	keyId	targetId	timeout
338304	493782	495042	3
411540	990828	991799	5
833608	851948	852003	0
833608	416917	418391	4
168361	963081	966144	29
338304	216711	216883	7
707559	466242	470575	5
411540	48389	48391	4
411540	662332	662550	3
3978	666619	667260	8
833608	408668	409102	7
707559	303644	306706	6
228625	95309	99099	7
3978	1042194	1042530	6
228625	17935	23146	2
228625	523858	523935	0
338304	942609	944455	9
228625	626310	627409	1
168361	951041	954834	14
3978	351818	353698	5
228625	913834	914893	10
228625	663262	665442	3
228625	278049	281657	4
833608	234836	237647	5
411540	707164	707559	2
3978	506231	506330	3
707559	1048086	3041	6
228625	186319	193821	7
707559	91074	91946	7
411540	29943	31961	5
833608	951565	954834	12
168361	882401	892206	16
3978	967505	969501	31
3978	717034	719558	8
411540	233186	237647	4
168361	108127	110457	18
168361	571126	571279	5
228625	911784	912394	8
338304	56427	58031	9
707559	728341	730571	2
3978	51387	54609	1
411540	800683	802003	4
411540	419475	420469	0
707559	495964	498420	4
3978	652637	654959	8
411540	424816	426107	1
707559	29498	31961	6
338304	720110	722433	4
338304	14146	16911	9
338304	800781	802003	23
707559	863286	865765	3
228625	744323	744681	1
168361	937534	944455	5
833608	520015	522408	4
3978	355492	359864	3
411540	202962	204141	1
228625	635387	636019	0
833608	94735	94902	12
707559	825565	825770	1
338304	1028527	1030193	14
833608	546156	553941	23
338304	609572	609989	0
707559	905895	907033	2
228625	342495	345676	12
3978	222357	222975	2
228625	572621	578227	4
3978	792694	796204	14
411540	1008919	1009650	3
228625	932563	933667	5
168361	850925	851350	2
3978	697643	700300	7
168361	420481	420795	5
833608	86721	90093	12
168361	541621	553941	25
228625	829511	832532	25
411540	814286	815460	0
3978	940975	944455	8
228625	847030	851350	26
411540	21062	23146	5
3978	139706	140443	1
3978	759133	762251	9
168361	540682	553941	25
411540	581915	583792	2
411540	892240	896184	2
228625	931922	932232	6
707559	482586	492068	6
338304	939565	944455	11
707559	503929	505997	7
411540	29097	31961	5
833608	186802	193821	7
168361	1038834	1040759	5
707559	107830	110457	7
411540	401422	401960	3
411540	333389	338304	5
168361	685146	691286	11
228625	720357	722433	2
411540	306583	306706	7
3978	863582	865765	8
3978	947947	950468	20
338304	129710	131196	9
168361	774569	778081	7
3978	1011609	1012464	11
411540	73319	76091	13
3978	52001	54609	1
168361	563871	570375	13
833608	340699	341078	9
3978	220758	221165	4
168361	729539	730571	2
3978	918388	919539	6
411540	527437	528802	3
707559	549548	553941	9
228625	326878	332157	9
228625	727008	727646	2
168361	506083	506330	1
168361	178815	182521	5
411540	994290	995910	5
168361	179641	182521	5
411540	807405	807477	4
833608	581561	583792	1
707559	954159	954834	17
228625	143101	149423	3
707559	956038	958776	5
707559	873272	874911	2
411540	235401	237647	4
338304	139498	140443	6
3978	535159	538177	9
707559	391499	401960	9
338304	903155	905208	11
3978	93705	94902	3
3978	23121	23146	0
228625	871879	872105	5
3978	486768	492068	5
707559	831501	832532	0
3978	58361	58730	0
3978	223538	225378	2
168361	876714	877936	4
411540	844810	851350	3
411540	224839	225378	4
411540	726313	727646	1
338304	1017023	1020859	11
707559	162396	162563	14
833608	706235	707032	14
228625	38128	38145	1
338304	304919	306706	11
411540	435991	437421	1
168361	769083	771016	5
168361	646977	648336	7
228625	35367	35893	1
228625	942264	944455	7
338304	979367	979430	9
3978	894034	896184	6
338304	674385	676138	2
338304	248112	248234	6
833608	775527	778081	5
833608	169917	170646	1
338304	168636	170646	8
707559	437283	437421	6
338304	521391	522408	1
338304	840691	851350	27
3978	517499	519666	4
411540	38667	39534	4
707559	904714	905208	3
411540	336242	338304	4
228625	249104	249946	0
3978	965494	966144	31
168361	821561	821616	7
411540	80343	81597	14
228625	259196	260422	2
228625	983452	984060	6
338304	345838	346588	0
411540	966264	969501	29
411540	738017	739081	2
833608	644634	646173	7
168361	220645	221165	3
411540	409627	410762	5
833608	1021444	1023379	1
338304	682609	691286	8
228625	125291	125371	2
707559	350808	353698	6
338304	495058	498420	6
833608	923027	924989	2
228625	957396	958776	9
833608	656955	657225	11
411540	297681	297772	7
833608	171129	173024	4
338304	954063	954834	10
707559	731731	739081	5
168361	136693	137461	6
168361	332872	338304	6
833608	242570	244247	7
707559	725156	727646	1
707559	773573	774028	9
411540	488115	492068	0
411540	173250	175354	1
707559	636683	640199	8
3978	109853	110457	3
411540	302982	306706	9
