keyId	trueId	targetId
701239	702175	702258
517905	519666	519875
628590	629887	630770
628457	629887	630770
324652	326335	326466
628217	629887	630770
700928	702175	702258
573042	578227	578665
307877	307895	308324
577510	578227	578665
147916	149423	149971
360959	361615	363419
454025	455336	455375
454864	455336	455375
732674	732869	737744
360434	361615	363419
574257	578227	578665
575512	578227	578665
628123	629887	630770
231594	231678	237647
852339	852858	853058
574032	578227	578665
628440	629887	630770
324947	326335	326466
324861	326335	326466
671230	671293	671525
852587	852858	853058
518511	519666	519875
518172	519666	519875
69345	70085	71283
317581	319165	319466
586835	587390	589154
838581	838922	839000
315710	319165	319466
869695	869761	872105
453292	455336	455375
454238	455336	455375
517669	519666	519875
211504	211654	212676
85862	87060	89563
364418	365538	367336
519441	519666	519875
326118	326335	326466
732100	732869	737744
707839	711452	713286
751514	751979	752709
360167	361615	363419
627596	629887	630770
519509	519666	519875
991607	991799	992377
664651	664877	665069
701594	702175	702258
307218	307895	308324
710948	711452	713286
707873	711452	713286
469456	470575	472226
